image_path,true_label,pred_label,prob_0,prob_1,prob_2,prob_3,ilar,eil_post,eil_pre
/kaggle/input/datasets/tawsifurrahman/covid19-radiography-database/COVID-19_Radiography_Dataset/COVID/images/COVID-1000.png,COVID,COVID,0.9913219809532166,0.0001786189095582813,0.00839202105998993,0.00010731416841736063,,0.41176337003707886,0.41176337003707886
/kaggle/input/datasets/tawsifurrahman/covid19-radiography-database/COVID-19_Radiography_Dataset/COVID/images/COVID-1002.png,COVID,COVID,0.9947224855422974,0.0002709591353777796,0.00493978476151824,6.677135388599709e-05,,,
/kaggle/input/datasets/tawsifurrahman/covid19-radiography-database/COVID-19_Radiography_Dataset/COVID/images/COVID-1006.png,COVID,COVID,0.9999610185623169,3.6474236253525305e-07,5.245144166110549e-06,3.3391828765161335e-05,,0.35199254751205444,0.35199254751205444
/kaggle/input/datasets/tawsifurrahman/covid19-radiography-database/COVID-19_Radiography_Dataset/COVID/images/COVID-1015.png,COVID,Lung_Opacity,0.21093642711639404,0.7838367819786072,0.0051984540186822414,2.831319761753548e-05,,,
/kaggle/input/datasets/tawsifurrahman/covid19-radiography-database/COVID-19_Radiography_Dataset/COVID/images/COVID-1017.png,COVID,COVID,0.9948445558547974,0.005087566561996937,3.0374047128134407e-05,3.7462221371242777e-05,,,
/kaggle/input/datasets/tawsifurrahman/covid19-radiography-database/COVID-19_Radiography_Dataset/COVID/images/COVID-1022.png,COVID,COVID,0.9971664547920227,0.001895191497169435,0.00043471730896271765,0.0005036885268054903,,,
/kaggle/input/datasets/tawsifurrahman/covid19-radiography-database/COVID-19_Radiography_Dataset/COVID/images/COVID-1036.png,COVID,COVID,0.9999547004699707,1.3218339518061839e-05,3.106124859186821e-05,1.013902419799706e-06,,0.33432886004447937,0.33432886004447937
/kaggle/input/datasets/tawsifurrahman/covid19-radiography-database/COVID-19_Radiography_Dataset/COVID/images/COVID-1040.png,COVID,COVID,0.9995879530906677,0.0003927486832253635,5.4975134844426066e-06,1.382439677399816e-05,,,
/kaggle/input/datasets/tawsifurrahman/covid19-radiography-database/COVID-19_Radiography_Dataset/COVID/images/COVID-1043.png,COVID,COVID,0.9986660480499268,0.0011852243915200233,3.7854524634894915e-06,0.00014491257024928927,,,
/kaggle/input/datasets/tawsifurrahman/covid19-radiography-database/COVID-19_Radiography_Dataset/COVID/images/COVID-1048.png,COVID,COVID,0.5361816883087158,0.022171851247549057,0.4416085481643677,3.786234447034076e-05,,0.32991012930870056,0.32991012930870056
/kaggle/input/datasets/tawsifurrahman/covid19-radiography-database/COVID-19_Radiography_Dataset/COVID/images/COVID-1056.png,COVID,COVID,0.9946978092193604,0.002479892922565341,3.6753412132384256e-05,0.0027855702210217714,,0.2888922691345215,0.2888922691345215
/kaggle/input/datasets/tawsifurrahman/covid19-radiography-database/COVID-19_Radiography_Dataset/COVID/images/COVID-1058.png,COVID,COVID,0.9184406399726868,0.08078925311565399,0.0007123485556803644,5.777079059043899e-05,,0.28236743807792664,0.28236743807792664
/kaggle/input/datasets/tawsifurrahman/covid19-radiography-database/COVID-19_Radiography_Dataset/COVID/images/COVID-106.png,COVID,COVID,0.7716947197914124,0.01333417184650898,0.21241827309131622,0.0025527882389724255,,,
/kaggle/input/datasets/tawsifurrahman/covid19-radiography-database/COVID-19_Radiography_Dataset/COVID/images/COVID-1065.png,COVID,COVID,0.9858570098876953,0.010101251304149628,0.0021415085066109896,0.0019002390326932073,,,
/kaggle/input/datasets/tawsifurrahman/covid19-radiography-database/COVID-19_Radiography_Dataset/COVID/images/COVID-107.png,COVID,COVID,0.9714879393577576,0.02792411670088768,0.0005791967269033194,8.766099199419841e-06,,,
/kaggle/input/datasets/tawsifurrahman/covid19-radiography-database/COVID-19_Radiography_Dataset/COVID/images/COVID-108.png,COVID,COVID,0.9999665021896362,3.0929736567486543e-06,3.017280687345192e-05,1.9248558658091497e-07,,0.27096670866012573,0.27096670866012573
/kaggle/input/datasets/tawsifurrahman/covid19-radiography-database/COVID-19_Radiography_Dataset/COVID/images/COVID-11.png,COVID,COVID,0.9995259046554565,0.00046550497063435614,2.6465845621714834e-06,5.968819095869549e-06,,,
/kaggle/input/datasets/tawsifurrahman/covid19-radiography-database/COVID-19_Radiography_Dataset/COVID/images/COVID-1100.png,COVID,COVID,0.9999430179595947,1.4576964531443082e-05,9.244577995559666e-06,3.3054147934308276e-05,,0.36746203899383545,0.36746203899383545
/kaggle/input/datasets/tawsifurrahman/covid19-radiography-database/COVID-19_Radiography_Dataset/COVID/images/COVID-1102.png,COVID,COVID,0.9868962168693542,0.00031236212817020714,0.012788016349077225,3.363332552908105e-06,,0.4505132734775543,0.4505132734775543
/kaggle/input/datasets/tawsifurrahman/covid19-radiography-database/COVID-19_Radiography_Dataset/COVID/images/COVID-1105.png,COVID,COVID,0.9775581359863281,0.0004635529185179621,0.021958578377962112,1.970095036085695e-05,,0.4115370213985443,0.4115370213985443
/kaggle/input/datasets/tawsifurrahman/covid19-radiography-database/COVID-19_Radiography_Dataset/COVID/images/COVID-1108.png,COVID,COVID,0.9991593360900879,0.0003826373431365937,0.00045333761954680085,4.720434390037553e-06,,,
/kaggle/input/datasets/tawsifurrahman/covid19-radiography-database/COVID-19_Radiography_Dataset/COVID/images/COVID-1110.png,COVID,COVID,0.9963192939758301,0.0001120208835345693,0.003563676727935672,4.922187599731842e-06,,,
/kaggle/input/datasets/tawsifurrahman/covid19-radiography-database/COVID-19_Radiography_Dataset/COVID/images/COVID-1112.png,COVID,COVID,0.9986366629600525,0.0008792172884568572,0.0004492116568144411,3.498126898193732e-05,,0.37072744965553284,0.37072744965553284
/kaggle/input/datasets/tawsifurrahman/covid19-radiography-database/COVID-19_Radiography_Dataset/COVID/images/COVID-1115.png,COVID,COVID,0.9999275207519531,6.844510789960623e-05,3.134900623535941e-07,3.6973981423216173e-06,,,
/kaggle/input/datasets/tawsifurrahman/covid19-radiography-database/COVID-19_Radiography_Dataset/COVID/images/COVID-1116.png,COVID,COVID,0.9973626732826233,0.0003255228220950812,0.0023098911624401808,1.9380750018171966e-06,,0.3070226013660431,0.3070226013660431
/kaggle/input/datasets/tawsifurrahman/covid19-radiography-database/COVID-19_Radiography_Dataset/COVID/images/COVID-1127.png,COVID,COVID,0.9924841523170471,0.00033813793561421335,0.007164756767451763,1.3040252270002384e-05,,0.2736034095287323,0.2736034095287323
/kaggle/input/datasets/tawsifurrahman/covid19-radiography-database/COVID-19_Radiography_Dataset/COVID/images/COVID-113.png,COVID,COVID,0.999222993850708,0.0002332627191208303,0.0005384697578847408,5.184628662391333e-06,,,
/kaggle/input/datasets/tawsifurrahman/covid19-radiography-database/COVID-19_Radiography_Dataset/COVID/images/COVID-1142.png,COVID,COVID,0.9999948740005493,1.9121223431284307e-06,1.794984143543843e-07,2.9670006824744632e-06,,,
/kaggle/input/datasets/tawsifurrahman/covid19-radiography-database/COVID-19_Radiography_Dataset/COVID/images/COVID-1143.png,COVID,COVID,0.99781334400177,5.561357465921901e-05,0.002123515121638775,7.540395472460659e-06,,,
/kaggle/input/datasets/tawsifurrahman/covid19-radiography-database/COVID-19_Radiography_Dataset/COVID/images/COVID-1147.png,COVID,COVID,0.9993382096290588,0.0005676912260241807,9.90809166978579e-06,8.423644612776116e-05,,,
/kaggle/input/datasets/tawsifurrahman/covid19-radiography-database/COVID-19_Radiography_Dataset/COVID/images/COVID-1160.png,COVID,COVID,0.9949895739555359,0.0048424010165035725,0.00016670949116814882,1.2633420283236774e-06,,0.3121679425239563,0.3121679425239563
/kaggle/input/datasets/tawsifurrahman/covid19-radiography-database/COVID-19_Radiography_Dataset/COVID/images/COVID-1166.png,COVID,COVID,0.5538849830627441,0.2801854610443115,0.14081402122974396,0.02511550299823284,,0.21501590311527252,0.21501590311527252
/kaggle/input/datasets/tawsifurrahman/covid19-radiography-database/COVID-19_Radiography_Dataset/COVID/images/COVID-1169.png,COVID,COVID,0.9993059635162354,0.00027587299700826406,2.5964006908907322e-06,0.00041551110916770995,,,
/kaggle/input/datasets/tawsifurrahman/covid19-radiography-database/COVID-19_Radiography_Dataset/COVID/images/COVID-118.png,COVID,COVID,0.9984866380691528,2.2444864953286014e-05,0.0009322197292931378,0.0005586614133790135,,0.4275018274784088,0.4275018274784088
/kaggle/input/datasets/tawsifurrahman/covid19-radiography-database/COVID-19_Radiography_Dataset/COVID/images/COVID-1182.png,COVID,COVID,0.9999582767486572,4.077735866303556e-05,2.844766981979774e-07,7.47117042010359e-07,,,
/kaggle/input/datasets/tawsifurrahman/covid19-radiography-database/COVID-19_Radiography_Dataset/COVID/images/COVID-1184.png,COVID,COVID,0.9994614720344543,0.0002990534994751215,2.5143413949990645e-05,0.00021432418725453317,,,
/kaggle/input/datasets/tawsifurrahman/covid19-radiography-database/COVID-19_Radiography_Dataset/COVID/images/COVID-1193.png,COVID,COVID,0.48972922563552856,0.3135186731815338,0.1966523975133896,9.964744094759226e-05,,,
/kaggle/input/datasets/tawsifurrahman/covid19-radiography-database/COVID-19_Radiography_Dataset/COVID/images/COVID-120.png,COVID,COVID,0.9999094009399414,6.865319301141426e-05,1.486969631514512e-05,6.9816001087019686e-06,,,
/kaggle/input/datasets/tawsifurrahman/covid19-radiography-database/COVID-19_Radiography_Dataset/COVID/images/COVID-1200.png,COVID,COVID,0.9999785423278809,1.8481430743122473e-05,2.633112671901472e-06,2.9773215715067636e-07,,,
/kaggle/input/datasets/tawsifurrahman/covid19-radiography-database/COVID-19_Radiography_Dataset/COVID/images/COVID-1203.png,COVID,COVID,0.9999984502792358,1.1710725402735989e-06,5.279663284341041e-08,3.2489626278220385e-07,,0.4420369863510132,0.4420369863510132
/kaggle/input/datasets/tawsifurrahman/covid19-radiography-database/COVID-19_Radiography_Dataset/COVID/images/COVID-121.png,COVID,COVID,0.9995076656341553,3.1341252906713635e-05,0.00038799343747086823,7.297763659153134e-05,,,
/kaggle/input/datasets/tawsifurrahman/covid19-radiography-database/COVID-19_Radiography_Dataset/COVID/images/COVID-1216.png,COVID,COVID,0.9996341466903687,3.6910857943439623e-06,0.000355482887243852,6.698714514641324e-06,,,
/kaggle/input/datasets/tawsifurrahman/covid19-radiography-database/COVID-19_Radiography_Dataset/COVID/images/COVID-1219.png,COVID,COVID,0.9994578957557678,0.000466873258119449,4.965435891790548e-06,7.028738036751747e-05,,0.40374556183815,0.40374556183815
/kaggle/input/datasets/tawsifurrahman/covid19-radiography-database/COVID-19_Radiography_Dataset/COVID/images/COVID-1222.png,COVID,COVID,0.9995949864387512,0.00018508825451135635,1.192397292015812e-07,0.0002198021684307605,,,
/kaggle/input/datasets/tawsifurrahman/covid19-radiography-database/COVID-19_Radiography_Dataset/COVID/images/COVID-1228.png,COVID,COVID,0.9988147020339966,0.0006276139174588025,0.000551520730368793,6.13085785516887e-06,,,
/kaggle/input/datasets/tawsifurrahman/covid19-radiography-database/COVID-19_Radiography_Dataset/COVID/images/COVID-1236.png,COVID,Normal,0.17223796248435974,0.016042713075876236,0.8104599118232727,0.0012593506835401058,,,
/kaggle/input/datasets/tawsifurrahman/covid19-radiography-database/COVID-19_Radiography_Dataset/COVID/images/COVID-1239.png,COVID,COVID,0.9999971389770508,2.0203713120281463e-06,7.098855121512315e-07,6.807771768535531e-08,,0.4700685143470764,0.4700685143470764
/kaggle/input/datasets/tawsifurrahman/covid19-radiography-database/COVID-19_Radiography_Dataset/COVID/images/COVID-1250.png,COVID,COVID,0.9963328838348389,0.0016681744018569589,0.0019829520024359226,1.6037894965847954e-05,,,
/kaggle/input/datasets/tawsifurrahman/covid19-radiography-database/COVID-19_Radiography_Dataset/COVID/images/COVID-1262.png,COVID,COVID,0.993232011795044,0.006745209451764822,3.2782918424345553e-06,1.94948042917531e-05,,,
/kaggle/input/datasets/tawsifurrahman/covid19-radiography-database/COVID-19_Radiography_Dataset/COVID/images/COVID-1287.png,COVID,Lung_Opacity,0.11248772591352463,0.8782788515090942,0.0002620023733470589,0.00897148996591568,,,
/kaggle/input/datasets/tawsifurrahman/covid19-radiography-database/COVID-19_Radiography_Dataset/COVID/images/COVID-130.png,COVID,Normal,0.12573862075805664,0.01814781315624714,0.8535715341567993,0.0025420519523322582,,,
/kaggle/input/datasets/tawsifurrahman/covid19-radiography-database/COVID-19_Radiography_Dataset/COVID/images/COVID-1301.png,COVID,COVID,0.9991449117660522,0.0006144939688965678,0.00024031316570471972,2.7283988401904935e-07,,,
/kaggle/input/datasets/tawsifurrahman/covid19-radiography-database/COVID-19_Radiography_Dataset/COVID/images/COVID-1319.png,COVID,COVID,0.995381236076355,0.003825149266049266,0.000332536525093019,0.00046118555474095047,,,
/kaggle/input/datasets/tawsifurrahman/covid19-radiography-database/COVID-19_Radiography_Dataset/COVID/images/COVID-132.png,COVID,COVID,0.9999146461486816,7.02591787558049e-05,1.5113723748072516e-05,7.792705147835477e-09,,,
/kaggle/input/datasets/tawsifurrahman/covid19-radiography-database/COVID-19_Radiography_Dataset/COVID/images/COVID-1326.png,COVID,COVID,0.9981927275657654,0.0017099829856306314,6.574059807462618e-05,3.160151754855178e-05,,,
/kaggle/input/datasets/tawsifurrahman/covid19-radiography-database/COVID-19_Radiography_Dataset/COVID/images/COVID-1333.png,COVID,COVID,0.9999958276748657,1.6823692021716852e-06,2.1805842607136583e-06,3.515205833082291e-07,,0.41889113187789917,0.41889113187789917
/kaggle/input/datasets/tawsifurrahman/covid19-radiography-database/COVID-19_Radiography_Dataset/COVID/images/COVID-1334.png,COVID,COVID,0.9841737747192383,0.014103555120527744,1.4137265679892153e-05,0.0017086382722482085,,0.246944859623909,0.246944859623909
/kaggle/input/datasets/tawsifurrahman/covid19-radiography-database/COVID-19_Radiography_Dataset/COVID/images/COVID-1336.png,COVID,COVID,0.9883049726486206,0.011007829569280148,0.0005034227506257594,0.00018382213602308184,,0.3585785925388336,0.3585785925388336
/kaggle/input/datasets/tawsifurrahman/covid19-radiography-database/COVID-19_Radiography_Dataset/COVID/images/COVID-1339.png,COVID,COVID,0.9998506307601929,0.00011827725393231958,1.4757524695596658e-06,2.9681446903850883e-05,,,
/kaggle/input/datasets/tawsifurrahman/covid19-radiography-database/COVID-19_Radiography_Dataset/COVID/images/COVID-134.png,COVID,COVID,0.9994189739227295,0.0005761018837802112,4.72175088361837e-06,1.6690387383277994e-07,,,
/kaggle/input/datasets/tawsifurrahman/covid19-radiography-database/COVID-19_Radiography_Dataset/COVID/images/COVID-1344.png,COVID,COVID,0.9999649524688721,1.904451710288413e-05,1.3454014151648153e-05,2.588884854048956e-06,,,
/kaggle/input/datasets/tawsifurrahman/covid19-radiography-database/COVID-19_Radiography_Dataset/COVID/images/COVID-1348.png,COVID,COVID,0.9998078942298889,6.0370432038325816e-05,0.00011649774387478828,1.5259029169101268e-05,,,
/kaggle/input/datasets/tawsifurrahman/covid19-radiography-database/COVID-19_Radiography_Dataset/COVID/images/COVID-1350.png,COVID,COVID,0.9999668598175049,3.291470056865364e-05,8.596005329764012e-08,7.206588037433903e-08,,,
/kaggle/input/datasets/tawsifurrahman/covid19-radiography-database/COVID-19_Radiography_Dataset/COVID/images/COVID-1354.png,COVID,COVID,0.999988317489624,5.463795332616428e-06,6.036724698788021e-06,9.461022187906565e-08,,0.3652955889701843,0.3652955889701843
/kaggle/input/datasets/tawsifurrahman/covid19-radiography-database/COVID-19_Radiography_Dataset/COVID/images/COVID-1359.png,COVID,COVID,0.9999935626983643,5.302258159645135e-06,4.4134822019259445e-08,1.1703634754667291e-06,,,
/kaggle/input/datasets/tawsifurrahman/covid19-radiography-database/COVID-19_Radiography_Dataset/COVID/images/COVID-1361.png,COVID,Normal,0.03869600594043732,0.03694719821214676,0.9243061542510986,5.0699545681709424e-05,,,
/kaggle/input/datasets/tawsifurrahman/covid19-radiography-database/COVID-19_Radiography_Dataset/COVID/images/COVID-1401.png,COVID,COVID,0.9999768733978271,9.392580977873877e-06,1.3912944041294395e-07,1.3567432688432746e-05,,,
/kaggle/input/datasets/tawsifurrahman/covid19-radiography-database/COVID-19_Radiography_Dataset/COVID/images/COVID-1405.png,COVID,COVID,0.9999610185623169,5.962201612419449e-07,1.7762200044124654e-10,3.8420086639234796e-05,,,
/kaggle/input/datasets/tawsifurrahman/covid19-radiography-database/COVID-19_Radiography_Dataset/COVID/images/COVID-1418.png,COVID,Lung_Opacity,0.16776134073734283,0.8216371536254883,0.0105957156047225,5.802924988529412e-06,,0.2351810187101364,0.2351810187101364
/kaggle/input/datasets/tawsifurrahman/covid19-radiography-database/COVID-19_Radiography_Dataset/COVID/images/COVID-1419.png,COVID,COVID,0.9997416138648987,0.00019407886429689825,2.6785244699567556e-05,3.7427147617563605e-05,,0.48280420899391174,0.48280420899391174
/kaggle/input/datasets/tawsifurrahman/covid19-radiography-database/COVID-19_Radiography_Dataset/COVID/images/COVID-1424.png,COVID,COVID,0.9988769888877869,0.0011162086157128215,6.519119324366329e-06,2.0495787111940444e-07,,0.42471662163734436,0.42471662163734436
/kaggle/input/datasets/tawsifurrahman/covid19-radiography-database/COVID-19_Radiography_Dataset/COVID/images/COVID-1426.png,COVID,COVID,0.9590516686439514,0.014734480530023575,0.01058508176356554,0.015628855675458908,,,
/kaggle/input/datasets/tawsifurrahman/covid19-radiography-database/COVID-19_Radiography_Dataset/COVID/images/COVID-1437.png,COVID,COVID,0.9999915361404419,6.594148999283789e-06,4.25741092158205e-07,1.364628928968159e-06,,0.2503332793712616,0.2503332793712616
/kaggle/input/datasets/tawsifurrahman/covid19-radiography-database/COVID-19_Radiography_Dataset/COVID/images/COVID-1438.png,COVID,COVID,0.9999837875366211,1.0849292266357224e-05,5.299163149175001e-06,1.1673439814785525e-07,,0.4128589332103729,0.4128589332103729
/kaggle/input/datasets/tawsifurrahman/covid19-radiography-database/COVID-19_Radiography_Dataset/COVID/images/COVID-1441.png,COVID,COVID,0.999998927116394,8.58062435327156e-07,7.084202024998376e-08,1.0021720697750425e-07,,,
/kaggle/input/datasets/tawsifurrahman/covid19-radiography-database/COVID-19_Radiography_Dataset/COVID/images/COVID-1448.png,COVID,COVID,0.8885331749916077,0.11132408678531647,0.00014239181473385543,4.015705883375631e-07,,0.34934961795806885,0.34934961795806885
/kaggle/input/datasets/tawsifurrahman/covid19-radiography-database/COVID-19_Radiography_Dataset/COVID/images/COVID-1450.png,COVID,COVID,0.9999725818634033,1.7870634110295214e-05,2.583303512437851e-06,6.874994141981006e-06,,0.1804284304380417,0.1804284304380417
/kaggle/input/datasets/tawsifurrahman/covid19-radiography-database/COVID-19_Radiography_Dataset/COVID/images/COVID-147.png,COVID,COVID,0.9421916007995605,0.01212088018655777,0.017128631472587585,0.028558896854519844,,0.1964326649904251,0.1964326649904251
/kaggle/input/datasets/tawsifurrahman/covid19-radiography-database/COVID-19_Radiography_Dataset/COVID/images/COVID-1470.png,COVID,COVID,0.99994957447052,4.849774995818734e-05,1.958513848876464e-06,6.59497274568821e-08,,0.34524214267730713,0.34524214267730713
/kaggle/input/datasets/tawsifurrahman/covid19-radiography-database/COVID-19_Radiography_Dataset/COVID/images/COVID-1477.png,COVID,COVID,0.9999711513519287,2.5646697395131923e-05,2.5691754217405105e-06,5.723302365367999e-07,,0.4166982173919678,0.4166982173919678
/kaggle/input/datasets/tawsifurrahman/covid19-radiography-database/COVID-19_Radiography_Dataset/COVID/images/COVID-1482.png,COVID,COVID,0.9999997615814209,8.264178319450366e-08,6.719607092975366e-10,1.2098178103769897e-07,,,
/kaggle/input/datasets/tawsifurrahman/covid19-radiography-database/COVID-19_Radiography_Dataset/COVID/images/COVID-1485.png,COVID,COVID,0.9999958276748657,2.0930117443640484e-06,1.864750743152399e-06,1.6426334070729354e-07,,,
/kaggle/input/datasets/tawsifurrahman/covid19-radiography-database/COVID-19_Radiography_Dataset/COVID/images/COVID-1486.png,COVID,COVID,0.6528998017311096,0.2802808880805969,0.06678708642721176,3.224944885005243e-05,,0.4217081069946289,0.4217081069946289
/kaggle/input/datasets/tawsifurrahman/covid19-radiography-database/COVID-19_Radiography_Dataset/COVID/images/COVID-1490.png,COVID,COVID,0.9999682903289795,2.3473698092857376e-05,5.381036061180566e-08,8.264084499387536e-06,,,
/kaggle/input/datasets/tawsifurrahman/covid19-radiography-database/COVID-19_Radiography_Dataset/COVID/images/COVID-1510.png,COVID,COVID,0.9989550113677979,0.0010096286423504353,3.48025860148482e-05,5.708915864488517e-07,,0.3624230623245239,0.3624230623245239
/kaggle/input/datasets/tawsifurrahman/covid19-radiography-database/COVID-19_Radiography_Dataset/COVID/images/COVID-1518.png,COVID,Normal,0.0013410774990916252,0.042660798877477646,0.9559115171432495,8.654556586407125e-05,,,
/kaggle/input/datasets/tawsifurrahman/covid19-radiography-database/COVID-19_Radiography_Dataset/COVID/images/COVID-1534.png,COVID,COVID,0.9994563460350037,0.00024495358229614794,0.00028693905915133655,1.1770694072765764e-05,,0.3859478533267975,0.3859478533267975
/kaggle/input/datasets/tawsifurrahman/covid19-radiography-database/COVID-19_Radiography_Dataset/COVID/images/COVID-1539.png,COVID,COVID,0.999854326248169,2.276408667967189e-05,2.445629206704325e-06,0.00012033488019369543,,,
/kaggle/input/datasets/tawsifurrahman/covid19-radiography-database/COVID-19_Radiography_Dataset/COVID/images/COVID-1544.png,COVID,COVID,0.9947425127029419,0.0007115975022315979,0.0020334201399236917,0.0025124058593064547,,,
/kaggle/input/datasets/tawsifurrahman/covid19-radiography-database/COVID-19_Radiography_Dataset/COVID/images/COVID-156.png,COVID,COVID,0.9926896691322327,0.007228485308587551,7.761495362501591e-05,4.229083060636185e-06,,0.3535597026348114,0.3535597026348114
/kaggle/input/datasets/tawsifurrahman/covid19-radiography-database/COVID-19_Radiography_Dataset/COVID/images/COVID-1560.png,COVID,COVID,0.9999967813491821,3.126231149508385e-06,5.786898782389471e-08,8.884629210115236e-08,,0.3557175397872925,0.3557175397872925
/kaggle/input/datasets/tawsifurrahman/covid19-radiography-database/COVID-19_Radiography_Dataset/COVID/images/COVID-1561.png,COVID,COVID,0.9976353645324707,0.0023322340566664934,1.99901478481479e-05,1.2462610357033554e-05,,,
/kaggle/input/datasets/tawsifurrahman/covid19-radiography-database/COVID-19_Radiography_Dataset/COVID/images/COVID-1569.png,COVID,COVID,0.9999896287918091,9.079839401238132e-06,5.113482615115572e-08,1.315505983257026e-06,,,
/kaggle/input/datasets/tawsifurrahman/covid19-radiography-database/COVID-19_Radiography_Dataset/COVID/images/COVID-1570.png,COVID,COVID,0.9993822574615479,0.0001485717366449535,0.0004679110134020448,1.1859096957778092e-06,,0.3776914179325104,0.3776914179325104
/kaggle/input/datasets/tawsifurrahman/covid19-radiography-database/COVID-19_Radiography_Dataset/COVID/images/COVID-1573.png,COVID,COVID,0.9696625471115112,0.029539169743657112,0.0007402299670502543,5.806625267723575e-05,,,
/kaggle/input/datasets/tawsifurrahman/covid19-radiography-database/COVID-19_Radiography_Dataset/COVID/images/COVID-1575.png,COVID,COVID,0.9999983310699463,1.5269994264599518e-06,8.569347187403764e-08,8.599578826817833e-10,,,
/kaggle/input/datasets/tawsifurrahman/covid19-radiography-database/COVID-19_Radiography_Dataset/COVID/images/COVID-1576.png,COVID,COVID,0.9955142140388489,6.761807162547484e-05,0.0044178892858326435,2.2814037947682664e-07,,,
/kaggle/input/datasets/tawsifurrahman/covid19-radiography-database/COVID-19_Radiography_Dataset/COVID/images/COVID-1580.png,COVID,COVID,0.9998856782913208,7.758325955364853e-05,9.401367606187705e-06,2.7257046895101666e-05,,,
/kaggle/input/datasets/tawsifurrahman/covid19-radiography-database/COVID-19_Radiography_Dataset/COVID/images/COVID-1586.png,COVID,COVID,0.997946560382843,0.0015628086403012276,0.00046895036939531565,2.168801256630104e-05,,,
/kaggle/input/datasets/tawsifurrahman/covid19-radiography-database/COVID-19_Radiography_Dataset/COVID/images/COVID-159.png,COVID,Normal,0.3919992446899414,0.21413645148277283,0.3927501142024994,0.0011141425929963589,,,
/kaggle/input/datasets/tawsifurrahman/covid19-radiography-database/COVID-19_Radiography_Dataset/COVID/images/COVID-1591.png,COVID,COVID,0.9966668486595154,0.0015600270126014948,0.0017720995238050818,1.0533074146223953e-06,,,
/kaggle/input/datasets/tawsifurrahman/covid19-radiography-database/COVID-19_Radiography_Dataset/COVID/images/COVID-1604.png,COVID,COVID,0.9553189277648926,0.000986175611615181,0.03977319598197937,0.003921701572835445,,0.3404591977596283,0.3404591977596283
/kaggle/input/datasets/tawsifurrahman/covid19-radiography-database/COVID-19_Radiography_Dataset/COVID/images/COVID-1611.png,COVID,COVID,0.939826250076294,0.04222826287150383,0.017263609915971756,0.000681899138726294,,,
/kaggle/input/datasets/tawsifurrahman/covid19-radiography-database/COVID-19_Radiography_Dataset/COVID/images/COVID-1614.png,COVID,COVID,0.9998377561569214,9.682629024609923e-05,6.379067781381309e-05,1.6746060964578646e-06,,,
/kaggle/input/datasets/tawsifurrahman/covid19-radiography-database/COVID-19_Radiography_Dataset/COVID/images/COVID-1618.png,COVID,COVID,0.9999918937683105,6.101128747104667e-06,1.8928917597804684e-06,1.2730963305784826e-07,,0.3898005187511444,0.3898005187511444
/kaggle/input/datasets/tawsifurrahman/covid19-radiography-database/COVID-19_Radiography_Dataset/COVID/images/COVID-1619.png,COVID,COVID,0.9990192651748657,0.0007460678461939096,0.00023435981711372733,2.453797662838042e-07,,,
/kaggle/input/datasets/tawsifurrahman/covid19-radiography-database/COVID-19_Radiography_Dataset/COVID/images/COVID-1631.png,COVID,COVID,0.9994729161262512,0.0002684748324099928,0.00024012626090552658,1.8566111975815147e-05,,,
/kaggle/input/datasets/tawsifurrahman/covid19-radiography-database/COVID-19_Radiography_Dataset/COVID/images/COVID-1636.png,COVID,COVID,0.999792754650116,0.00013231681077741086,5.915084693697281e-05,1.588783743500244e-05,,,
/kaggle/input/datasets/tawsifurrahman/covid19-radiography-database/COVID-19_Radiography_Dataset/COVID/images/COVID-1637.png,COVID,COVID,0.9906879663467407,0.002626784611493349,0.006677641998976469,7.576287316624075e-06,,,
/kaggle/input/datasets/tawsifurrahman/covid19-radiography-database/COVID-19_Radiography_Dataset/COVID/images/COVID-1640.png,COVID,COVID,0.9999998807907104,8.3193114619462e-08,1.3030313494866164e-09,4.285705568207732e-09,,,
/kaggle/input/datasets/tawsifurrahman/covid19-radiography-database/COVID-19_Radiography_Dataset/COVID/images/COVID-1643.png,COVID,COVID,0.9998937845230103,7.095834007486701e-05,3.401123467483558e-05,1.2923615031468216e-06,,,
/kaggle/input/datasets/tawsifurrahman/covid19-radiography-database/COVID-19_Radiography_Dataset/COVID/images/COVID-1658.png,COVID,COVID,0.9999984502792358,6.28728713536475e-08,6.261971829957247e-09,1.4737510127815767e-06,,,
/kaggle/input/datasets/tawsifurrahman/covid19-radiography-database/COVID-19_Radiography_Dataset/COVID/images/COVID-1664.png,COVID,COVID,0.9995816349983215,9.38011216931045e-05,0.0003232084563933313,1.3600013062387006e-06,,,
/kaggle/input/datasets/tawsifurrahman/covid19-radiography-database/COVID-19_Radiography_Dataset/COVID/images/COVID-1665.png,COVID,COVID,0.9895678162574768,0.008234154433012009,0.0021550864912569523,4.291066215955652e-05,,0.3685740530490875,0.3685740530490875
/kaggle/input/datasets/tawsifurrahman/covid19-radiography-database/COVID-19_Radiography_Dataset/COVID/images/COVID-1671.png,COVID,COVID,0.9286114573478699,0.06068311631679535,0.008871386758983135,0.0018339416710659862,,,
/kaggle/input/datasets/tawsifurrahman/covid19-radiography-database/COVID-19_Radiography_Dataset/COVID/images/COVID-1681.png,COVID,COVID,0.9998857975006104,0.00010142919200006872,3.072287199756829e-06,9.71863391896477e-06,,,
/kaggle/input/datasets/tawsifurrahman/covid19-radiography-database/COVID-19_Radiography_Dataset/COVID/images/COVID-1683.png,COVID,COVID,0.999037504196167,5.998412598273717e-05,0.00038859411142766476,0.0005139012355357409,,,
/kaggle/input/datasets/tawsifurrahman/covid19-radiography-database/COVID-19_Radiography_Dataset/COVID/images/COVID-1685.png,COVID,COVID,0.9055356383323669,0.04544532299041748,0.04893147200345993,8.761112985666841e-05,,0.2044028788805008,0.2044028788805008
/kaggle/input/datasets/tawsifurrahman/covid19-radiography-database/COVID-19_Radiography_Dataset/COVID/images/COVID-1692.png,COVID,COVID,0.9839324951171875,0.011666681617498398,0.004386944696307182,1.3959587704448495e-05,,,
/kaggle/input/datasets/tawsifurrahman/covid19-radiography-database/COVID-19_Radiography_Dataset/COVID/images/COVID-1704.png,COVID,COVID,0.9999836683273315,1.5975721908034757e-05,9.159825964388801e-08,2.8474991609073186e-07,,,
/kaggle/input/datasets/tawsifurrahman/covid19-radiography-database/COVID-19_Radiography_Dataset/COVID/images/COVID-1710.png,COVID,COVID,0.8973193764686584,0.03531915694475174,0.06442677229642868,0.0029346877709031105,,,
/kaggle/input/datasets/tawsifurrahman/covid19-radiography-database/COVID-19_Radiography_Dataset/COVID/images/COVID-1716.png,COVID,COVID,0.999836802482605,0.00016228811000473797,6.36621280136751e-07,2.2907941854555247e-07,,,
/kaggle/input/datasets/tawsifurrahman/covid19-radiography-database/COVID-19_Radiography_Dataset/COVID/images/COVID-1732.png,COVID,COVID,0.9999958276748657,4.0027412069321144e-06,9.440184101094928e-08,5.758463927918456e-08,,,
/kaggle/input/datasets/tawsifurrahman/covid19-radiography-database/COVID-19_Radiography_Dataset/COVID/images/COVID-1744.png,COVID,COVID,0.9990793466567993,0.00018309790175408125,5.129987584950868e-06,0.0007324621547013521,,,
/kaggle/input/datasets/tawsifurrahman/covid19-radiography-database/COVID-19_Radiography_Dataset/COVID/images/COVID-1749.png,COVID,Normal,0.44756290316581726,0.08628109097480774,0.4661465883255005,9.428166777070146e-06,,0.3279055655002594,0.3279055655002594
/kaggle/input/datasets/tawsifurrahman/covid19-radiography-database/COVID-19_Radiography_Dataset/COVID/images/COVID-1750.png,COVID,COVID,0.9997913241386414,9.862491424428299e-05,8.156323747243732e-05,2.8553946322062984e-05,,,
/kaggle/input/datasets/tawsifurrahman/covid19-radiography-database/COVID-19_Radiography_Dataset/COVID/images/COVID-1752.png,COVID,COVID,0.9999864101409912,8.089563380053733e-06,2.673930794117041e-06,2.8610097615455743e-06,,0.23635859787464142,0.23635859787464142
/kaggle/input/datasets/tawsifurrahman/covid19-radiography-database/COVID-19_Radiography_Dataset/COVID/images/COVID-1760.png,COVID,COVID,0.9994797110557556,0.0005049699102528393,1.2844487173424568e-05,2.4443352231173776e-06,,,
/kaggle/input/datasets/tawsifurrahman/covid19-radiography-database/COVID-19_Radiography_Dataset/COVID/images/COVID-1764.png,COVID,COVID,0.9999504089355469,3.984463546657935e-05,9.623339792597108e-06,5.536426073149414e-08,,,
/kaggle/input/datasets/tawsifurrahman/covid19-radiography-database/COVID-19_Radiography_Dataset/COVID/images/COVID-1766.png,COVID,COVID,0.9999972581863403,2.563620455475757e-06,3.3813464028753515e-08,1.419120110313088e-07,,,
/kaggle/input/datasets/tawsifurrahman/covid19-radiography-database/COVID-19_Radiography_Dataset/COVID/images/COVID-1767.png,COVID,COVID,0.9927231669425964,0.005883136764168739,0.0013854627031832933,8.249305210483726e-06,,,
/kaggle/input/datasets/tawsifurrahman/covid19-radiography-database/COVID-19_Radiography_Dataset/COVID/images/COVID-1768.png,COVID,COVID,0.999998927116394,8.537176086065301e-07,1.2228700541072612e-07,6.137148744755905e-08,,0.20889025926589966,0.20889025926589966
/kaggle/input/datasets/tawsifurrahman/covid19-radiography-database/COVID-19_Radiography_Dataset/COVID/images/COVID-1782.png,COVID,COVID,0.9999905824661255,8.602417437941767e-06,4.1523125560161134e-07,4.546583340925281e-07,,0.20255517959594727,0.20255517959594727
/kaggle/input/datasets/tawsifurrahman/covid19-radiography-database/COVID-19_Radiography_Dataset/COVID/images/COVID-1784.png,COVID,COVID,0.9999998807907104,1.2497439172420854e-07,8.122902350748973e-09,7.55469797830699e-10,,,
/kaggle/input/datasets/tawsifurrahman/covid19-radiography-database/COVID-19_Radiography_Dataset/COVID/images/COVID-1791.png,COVID,COVID,0.9627999067306519,0.014642646536231041,0.022536354139447212,2.1101432139403187e-05,,,
/kaggle/input/datasets/tawsifurrahman/covid19-radiography-database/COVID-19_Radiography_Dataset/COVID/images/COVID-1793.png,COVID,COVID,0.9058008193969727,0.029441336169838905,0.06338895112276077,0.0013688947074115276,,,
/kaggle/input/datasets/tawsifurrahman/covid19-radiography-database/COVID-19_Radiography_Dataset/COVID/images/COVID-1795.png,COVID,COVID,0.9998136162757874,4.435037772054784e-05,2.9230800464574713e-06,0.00013910680718254298,,,
/kaggle/input/datasets/tawsifurrahman/covid19-radiography-database/COVID-19_Radiography_Dataset/COVID/images/COVID-1808.png,COVID,COVID,0.9997220635414124,0.00013284034503158182,0.00014405525871552527,9.857865279627731e-07,,0.27963903546333313,0.27963903546333313
/kaggle/input/datasets/tawsifurrahman/covid19-radiography-database/COVID-19_Radiography_Dataset/COVID/images/COVID-1825.png,COVID,COVID,0.9582307934761047,0.04159504547715187,2.0522271370282397e-05,0.0001536416239105165,,,
/kaggle/input/datasets/tawsifurrahman/covid19-radiography-database/COVID-19_Radiography_Dataset/COVID/images/COVID-1826.png,COVID,COVID,0.9969741106033325,0.0019723495934158564,0.0010113070020452142,4.221421113470569e-05,,,
/kaggle/input/datasets/tawsifurrahman/covid19-radiography-database/COVID-19_Radiography_Dataset/COVID/images/COVID-1830.png,COVID,COVID,0.9968407154083252,0.0010936177568510175,0.00199701520614326,6.863211456220597e-05,,0.3899872899055481,0.3899872899055481
/kaggle/input/datasets/tawsifurrahman/covid19-radiography-database/COVID-19_Radiography_Dataset/COVID/images/COVID-1834.png,COVID,COVID,0.9968847632408142,0.0014015003107488155,0.0016686058370396495,4.512980012805201e-05,,,
/kaggle/input/datasets/tawsifurrahman/covid19-radiography-database/COVID-19_Radiography_Dataset/COVID/images/COVID-1839.png,COVID,COVID,0.9995468258857727,0.00044567155418917537,8.244621199082758e-07,6.605664566450287e-06,,,
/kaggle/input/datasets/tawsifurrahman/covid19-radiography-database/COVID-19_Radiography_Dataset/COVID/images/COVID-1858.png,COVID,COVID,0.8547227382659912,0.002339048543944955,0.1428835391998291,5.4651452956022695e-05,,,
/kaggle/input/datasets/tawsifurrahman/covid19-radiography-database/COVID-19_Radiography_Dataset/COVID/images/COVID-1859.png,COVID,COVID,0.9976031184196472,0.0023868856951594353,6.49399362373515e-06,3.5274483707326e-06,,,
/kaggle/input/datasets/tawsifurrahman/covid19-radiography-database/COVID-19_Radiography_Dataset/COVID/images/COVID-186.png,COVID,COVID,0.9668357372283936,0.0028361771255731583,0.03032180480659008,6.257806489884388e-06,,,
/kaggle/input/datasets/tawsifurrahman/covid19-radiography-database/COVID-19_Radiography_Dataset/COVID/images/COVID-1860.png,COVID,COVID,0.9835862517356873,0.0006465712795034051,0.015758344903588295,8.73133831191808e-06,,,
/kaggle/input/datasets/tawsifurrahman/covid19-radiography-database/COVID-19_Radiography_Dataset/COVID/images/COVID-1873.png,COVID,COVID,0.9999072551727295,7.9776429629419e-05,7.507747341151116e-06,5.47823174201767e-06,,,
/kaggle/input/datasets/tawsifurrahman/covid19-radiography-database/COVID-19_Radiography_Dataset/COVID/images/COVID-1892.png,COVID,COVID,0.9948451519012451,0.0037875615525990725,0.001249438850209117,0.00011793702287832275,,0.30478373169898987,0.30478373169898987
/kaggle/input/datasets/tawsifurrahman/covid19-radiography-database/COVID-19_Radiography_Dataset/COVID/images/COVID-1906.png,COVID,COVID,0.8988535404205322,0.04804164543747902,0.05283864960074425,0.0002661724283825606,,0.3510260581970215,0.3510260581970215
/kaggle/input/datasets/tawsifurrahman/covid19-radiography-database/COVID-19_Radiography_Dataset/COVID/images/COVID-1916.png,COVID,COVID,0.9974786639213562,0.0019201422110199928,0.0005567065672948956,4.4463002268457785e-05,,,
/kaggle/input/datasets/tawsifurrahman/covid19-radiography-database/COVID-19_Radiography_Dataset/COVID/images/COVID-1917.png,COVID,COVID,0.9985859394073486,0.0013567153364419937,5.217612851993181e-05,5.248692559689516e-06,,,
/kaggle/input/datasets/tawsifurrahman/covid19-radiography-database/COVID-19_Radiography_Dataset/COVID/images/COVID-1918.png,COVID,Lung_Opacity,0.3943006694316864,0.4597715437412262,0.1439928412437439,0.0019349545473232865,,,
/kaggle/input/datasets/tawsifurrahman/covid19-radiography-database/COVID-19_Radiography_Dataset/COVID/images/COVID-1922.png,COVID,COVID,0.8225262761116028,0.14920949935913086,0.02750997059047222,0.0007542646490037441,,0.5128321647644043,0.5128321647644043
/kaggle/input/datasets/tawsifurrahman/covid19-radiography-database/COVID-19_Radiography_Dataset/COVID/images/COVID-1926.png,COVID,COVID,0.9933549165725708,0.0008635582635179162,0.00577134545892477,1.0224315701634623e-05,,0.25372231006622314,0.25372231006622314
/kaggle/input/datasets/tawsifurrahman/covid19-radiography-database/COVID-19_Radiography_Dataset/COVID/images/COVID-1927.png,COVID,COVID,0.8014782667160034,0.04294740781188011,0.15550409257411957,7.028070831438527e-05,,0.35449665784835815,0.35449665784835815
/kaggle/input/datasets/tawsifurrahman/covid19-radiography-database/COVID-19_Radiography_Dataset/COVID/images/COVID-1930.png,COVID,COVID,0.9951587319374084,0.002587523777037859,0.0022422438487410545,1.1458154403953813e-05,,,
/kaggle/input/datasets/tawsifurrahman/covid19-radiography-database/COVID-19_Radiography_Dataset/COVID/images/COVID-1933.png,COVID,Normal,0.009005178697407246,0.00020332352141849697,0.9907913208007812,1.3022145139984787e-07,,,
/kaggle/input/datasets/tawsifurrahman/covid19-radiography-database/COVID-19_Radiography_Dataset/COVID/images/COVID-194.png,COVID,COVID,0.9999678134918213,3.1502942874794826e-05,7.450521479768213e-07,1.4884760091149474e-08,,0.3507329225540161,0.3507329225540161
/kaggle/input/datasets/tawsifurrahman/covid19-radiography-database/COVID-19_Radiography_Dataset/COVID/images/COVID-1943.png,COVID,Lung_Opacity,0.27757352590560913,0.5131000876426697,0.20929527282714844,3.1151703296927735e-05,,,
/kaggle/input/datasets/tawsifurrahman/covid19-radiography-database/COVID-19_Radiography_Dataset/COVID/images/COVID-1952.png,COVID,COVID,0.9999991655349731,6.724934564772411e-07,1.1871345861891314e-07,1.202379174003454e-08,,,
/kaggle/input/datasets/tawsifurrahman/covid19-radiography-database/COVID-19_Radiography_Dataset/COVID/images/COVID-1953.png,COVID,COVID,0.9960809350013733,0.000593080127146095,0.0032892117742449045,3.6897090467391536e-05,,,
/kaggle/input/datasets/tawsifurrahman/covid19-radiography-database/COVID-19_Radiography_Dataset/COVID/images/COVID-1955.png,COVID,COVID,0.9968361854553223,0.0025582381058484316,0.0005107990582473576,9.479963773628697e-05,,,
/kaggle/input/datasets/tawsifurrahman/covid19-radiography-database/COVID-19_Radiography_Dataset/COVID/images/COVID-1958.png,COVID,COVID,0.9813138246536255,0.0032594355288892984,0.015396278351545334,3.048526559723541e-05,,,
/kaggle/input/datasets/tawsifurrahman/covid19-radiography-database/COVID-19_Radiography_Dataset/COVID/images/COVID-1968.png,COVID,COVID,0.6191025376319885,0.37680333852767944,0.0040541705675423145,3.991862104157917e-05,,,
/kaggle/input/datasets/tawsifurrahman/covid19-radiography-database/COVID-19_Radiography_Dataset/COVID/images/COVID-1969.png,COVID,COVID,0.9863691329956055,0.006062427535653114,0.007560518570244312,7.892310350143816e-06,,,
/kaggle/input/datasets/tawsifurrahman/covid19-radiography-database/COVID-19_Radiography_Dataset/COVID/images/COVID-1970.png,COVID,COVID,0.9978589415550232,0.0007139385561458766,0.000376744254026562,0.0010504383826628327,,,
/kaggle/input/datasets/tawsifurrahman/covid19-radiography-database/COVID-19_Radiography_Dataset/COVID/images/COVID-1972.png,COVID,COVID,0.6608858108520508,0.2735922336578369,0.062172167003154755,0.0033497060649096966,,0.35351526737213135,0.35351526737213135
/kaggle/input/datasets/tawsifurrahman/covid19-radiography-database/COVID-19_Radiography_Dataset/COVID/images/COVID-1973.png,COVID,Normal,0.3203970789909363,0.09532694518566132,0.5803514719009399,0.00392451835796237,,,
/kaggle/input/datasets/tawsifurrahman/covid19-radiography-database/COVID-19_Radiography_Dataset/COVID/images/COVID-1982.png,COVID,COVID,0.9851648807525635,0.00018528720829635859,0.014649397693574429,4.057434352944256e-07,,,
/kaggle/input/datasets/tawsifurrahman/covid19-radiography-database/COVID-19_Radiography_Dataset/COVID/images/COVID-1985.png,COVID,COVID,0.9785807132720947,0.01788298413157463,0.0014414676697924733,0.0020948220044374466,,,
/kaggle/input/datasets/tawsifurrahman/covid19-radiography-database/COVID-19_Radiography_Dataset/COVID/images/COVID-2004.png,COVID,COVID,0.9987247586250305,0.0011061476543545723,0.00014538316463585943,2.3714281269349158e-05,,,
/kaggle/input/datasets/tawsifurrahman/covid19-radiography-database/COVID-19_Radiography_Dataset/COVID/images/COVID-2005.png,COVID,COVID,0.9999351501464844,5.717510430258699e-05,7.312740763154579e-06,4.275389926533535e-07,,0.31771910190582275,0.31771910190582275
/kaggle/input/datasets/tawsifurrahman/covid19-radiography-database/COVID-19_Radiography_Dataset/COVID/images/COVID-2014.png,COVID,COVID,0.9799706935882568,0.019822729751467705,0.0001524412800790742,5.413165854406543e-05,,0.37856194376945496,0.37856194376945496
/kaggle/input/datasets/tawsifurrahman/covid19-radiography-database/COVID-19_Radiography_Dataset/COVID/images/COVID-2015.png,COVID,COVID,0.9697820544242859,0.02903444878757,0.0011349491542205215,4.862614514422603e-05,,,
/kaggle/input/datasets/tawsifurrahman/covid19-radiography-database/COVID-19_Radiography_Dataset/COVID/images/COVID-2020.png,COVID,COVID,0.9999990463256836,7.037850195956707e-07,2.185023006973097e-08,2.5047319240911747e-07,,,
/kaggle/input/datasets/tawsifurrahman/covid19-radiography-database/COVID-19_Radiography_Dataset/COVID/images/COVID-2023.png,COVID,COVID,0.8775218725204468,0.0887732282280922,0.033700548112392426,4.402085323818028e-06,,0.33714690804481506,0.33714690804481506
/kaggle/input/datasets/tawsifurrahman/covid19-radiography-database/COVID-19_Radiography_Dataset/COVID/images/COVID-2024.png,COVID,COVID,0.9996787309646606,0.00014872939209453762,0.00011228417133679613,6.030774238752201e-05,,0.20566405355930328,0.20566405355930328
/kaggle/input/datasets/tawsifurrahman/covid19-radiography-database/COVID-19_Radiography_Dataset/COVID/images/COVID-2029.png,COVID,COVID,0.9921640157699585,0.0009209685958921909,0.006909557618200779,5.444986982183764e-06,,,
/kaggle/input/datasets/tawsifurrahman/covid19-radiography-database/COVID-19_Radiography_Dataset/COVID/images/COVID-2033.png,COVID,COVID,0.5258573293685913,0.009959548711776733,0.46410417556762695,7.895076123531908e-05,,,
/kaggle/input/datasets/tawsifurrahman/covid19-radiography-database/COVID-19_Radiography_Dataset/COVID/images/COVID-2040.png,COVID,COVID,0.9970609545707703,0.001946678152307868,0.0003023215103894472,0.0006899887812323868,,0.36109352111816406,0.36109352111816406
/kaggle/input/datasets/tawsifurrahman/covid19-radiography-database/COVID-19_Radiography_Dataset/COVID/images/COVID-2042.png,COVID,COVID,0.8904581069946289,0.013641202822327614,0.0957779660820961,0.00012276769848540425,,,
/kaggle/input/datasets/tawsifurrahman/covid19-radiography-database/COVID-19_Radiography_Dataset/COVID/images/COVID-205.png,COVID,COVID,0.9999175071716309,2.3062693799147382e-05,8.727865292712522e-07,5.862233956577256e-05,,,
/kaggle/input/datasets/tawsifurrahman/covid19-radiography-database/COVID-19_Radiography_Dataset/COVID/images/COVID-2060.png,COVID,COVID,0.9485156536102295,0.04959017410874367,0.0010299617424607277,0.0008642170578241348,,,
/kaggle/input/datasets/tawsifurrahman/covid19-radiography-database/COVID-19_Radiography_Dataset/COVID/images/COVID-2063.png,COVID,COVID,0.9995586276054382,0.0003250054724048823,0.00011614250252023339,1.194494814171776e-07,,0.3314957916736603,0.3314957916736603
/kaggle/input/datasets/tawsifurrahman/covid19-radiography-database/COVID-19_Radiography_Dataset/COVID/images/COVID-2064.png,COVID,COVID,0.9989023208618164,0.0010872522834688425,4.665952474169899e-06,5.7223205658374354e-06,,,
/kaggle/input/datasets/tawsifurrahman/covid19-radiography-database/COVID-19_Radiography_Dataset/COVID/images/COVID-2070.png,COVID,Normal,0.044251687824726105,0.06623534858226776,0.8894879817962646,2.5021392502821982e-05,,,
/kaggle/input/datasets/tawsifurrahman/covid19-radiography-database/COVID-19_Radiography_Dataset/COVID/images/COVID-2076.png,COVID,COVID,0.9999479055404663,4.252723101672018e-06,4.7783130867173895e-05,8.576239451940637e-08,,,
/kaggle/input/datasets/tawsifurrahman/covid19-radiography-database/COVID-19_Radiography_Dataset/COVID/images/COVID-2087.png,COVID,COVID,0.9916384816169739,0.0023048073053359985,0.0039869132451713085,0.0020697331055998802,,,
/kaggle/input/datasets/tawsifurrahman/covid19-radiography-database/COVID-19_Radiography_Dataset/COVID/images/COVID-209.png,COVID,COVID,0.8486214876174927,0.1498713493347168,0.0008097837562672794,0.0006973682320676744,,,
/kaggle/input/datasets/tawsifurrahman/covid19-radiography-database/COVID-19_Radiography_Dataset/COVID/images/COVID-2095.png,COVID,COVID,0.9538405537605286,0.010435665026307106,0.03565509617328644,6.869894423289225e-05,,,
/kaggle/input/datasets/tawsifurrahman/covid19-radiography-database/COVID-19_Radiography_Dataset/COVID/images/COVID-2096.png,COVID,COVID,0.9994745850563049,0.0003761229454539716,0.00014350039418786764,5.846048225066625e-06,,,
/kaggle/input/datasets/tawsifurrahman/covid19-radiography-database/COVID-19_Radiography_Dataset/COVID/images/COVID-2114.png,COVID,COVID,0.9999979734420776,1.699462927717832e-06,2.4405875365118845e-07,4.4338275273503314e-08,,0.40372300148010254,0.40372300148010254
/kaggle/input/datasets/tawsifurrahman/covid19-radiography-database/COVID-19_Radiography_Dataset/COVID/images/COVID-2117.png,COVID,COVID,0.8467352390289307,0.02068418823182583,0.13250690698623657,7.363926124526188e-05,,,
/kaggle/input/datasets/tawsifurrahman/covid19-radiography-database/COVID-19_Radiography_Dataset/COVID/images/COVID-2123.png,COVID,COVID,0.8306642770767212,0.0797959417104721,0.08953067660331726,9.10333801584784e-06,,,
/kaggle/input/datasets/tawsifurrahman/covid19-radiography-database/COVID-19_Radiography_Dataset/COVID/images/COVID-2125.png,COVID,COVID,0.9997982382774353,9.083285112865269e-05,6.7276501795277e-05,4.3762836867244914e-05,,0.36378392577171326,0.36378392577171326
/kaggle/input/datasets/tawsifurrahman/covid19-radiography-database/COVID-19_Radiography_Dataset/COVID/images/COVID-2129.png,COVID,COVID,0.999494194984436,0.0003968290111515671,6.797404785174876e-05,4.099866055184975e-05,,0.2578764855861664,0.2578764855861664
/kaggle/input/datasets/tawsifurrahman/covid19-radiography-database/COVID-19_Radiography_Dataset/COVID/images/COVID-2147.png,COVID,COVID,0.9988051652908325,0.001159049104899168,3.003364327014424e-05,5.785567736893427e-06,,,
/kaggle/input/datasets/tawsifurrahman/covid19-radiography-database/COVID-19_Radiography_Dataset/COVID/images/COVID-2150.png,COVID,COVID,0.9999464750289917,3.937622386729345e-05,1.4095499864197336e-05,7.635787824256113e-08,,,
/kaggle/input/datasets/tawsifurrahman/covid19-radiography-database/COVID-19_Radiography_Dataset/COVID/images/COVID-2160.png,COVID,Normal,0.04611963778734207,0.0044856201857328415,0.9493812322616577,1.353433708572993e-05,,,
/kaggle/input/datasets/tawsifurrahman/covid19-radiography-database/COVID-19_Radiography_Dataset/COVID/images/COVID-2163.png,COVID,COVID,0.9998893737792969,8.378127859032247e-06,8.141167927533388e-05,2.085002779494971e-05,,,
/kaggle/input/datasets/tawsifurrahman/covid19-radiography-database/COVID-19_Radiography_Dataset/COVID/images/COVID-2165.png,COVID,COVID,0.9659525156021118,0.00772830517962575,0.026318544521927834,6.165062131913146e-07,,,
/kaggle/input/datasets/tawsifurrahman/covid19-radiography-database/COVID-19_Radiography_Dataset/COVID/images/COVID-218.png,COVID,COVID,0.9998010993003845,0.00017739574832376093,3.6179339986119885e-06,1.7920965547091328e-05,,,
/kaggle/input/datasets/tawsifurrahman/covid19-radiography-database/COVID-19_Radiography_Dataset/COVID/images/COVID-2197.png,COVID,COVID,0.9999529123306274,5.57192424821551e-06,3.273973925388418e-05,8.739873919694219e-06,,,
/kaggle/input/datasets/tawsifurrahman/covid19-radiography-database/COVID-19_Radiography_Dataset/COVID/images/COVID-220.png,COVID,COVID,0.9993860721588135,0.00017376574396621436,0.00043962712516076863,5.123495725456451e-07,,0.5103415250778198,0.5103415250778198
/kaggle/input/datasets/tawsifurrahman/covid19-radiography-database/COVID-19_Radiography_Dataset/COVID/images/COVID-2206.png,COVID,COVID,0.9999924898147583,1.5597322544635972e-06,5.635494744637981e-06,3.628044566994504e-07,,,
/kaggle/input/datasets/tawsifurrahman/covid19-radiography-database/COVID-19_Radiography_Dataset/COVID/images/COVID-2211.png,COVID,COVID,0.9410430192947388,0.05661720037460327,0.002227343386039138,0.00011239353625569493,,,
/kaggle/input/datasets/tawsifurrahman/covid19-radiography-database/COVID-19_Radiography_Dataset/COVID/images/COVID-2220.png,COVID,COVID,0.9997316002845764,0.00025876122526824474,7.295462637557648e-06,2.373462166360696e-06,,,
/kaggle/input/datasets/tawsifurrahman/covid19-radiography-database/COVID-19_Radiography_Dataset/COVID/images/COVID-2225.png,COVID,COVID,0.9977758526802063,0.0017605139873921871,0.0002647383662406355,0.00019885081565007567,,,
/kaggle/input/datasets/tawsifurrahman/covid19-radiography-database/COVID-19_Radiography_Dataset/COVID/images/COVID-2229.png,COVID,COVID,0.9664084315299988,0.014822190627455711,0.018763361498713493,5.992831120238407e-06,,0.37964391708374023,0.37964391708374023
/kaggle/input/datasets/tawsifurrahman/covid19-radiography-database/COVID-19_Radiography_Dataset/COVID/images/COVID-2232.png,COVID,COVID,0.9980068802833557,0.001977709587663412,1.3701806892640889e-05,1.7247725736524444e-06,,0.3519369959831238,0.3519369959831238
/kaggle/input/datasets/tawsifurrahman/covid19-radiography-database/COVID-19_Radiography_Dataset/COVID/images/COVID-2233.png,COVID,COVID,0.9993711113929749,0.00016602902906015515,0.00046278207446448505,5.151310933371178e-09,,0.38576534390449524,0.38576534390449524
/kaggle/input/datasets/tawsifurrahman/covid19-radiography-database/COVID-19_Radiography_Dataset/COVID/images/COVID-225.png,COVID,COVID,0.9999569654464722,3.662756716948934e-05,6.426079380617011e-06,1.6962308890811073e-08,,,
/kaggle/input/datasets/tawsifurrahman/covid19-radiography-database/COVID-19_Radiography_Dataset/COVID/images/COVID-2255.png,COVID,COVID,0.9575834274291992,0.001000296208076179,0.04141133651137352,4.932026058668271e-06,,,
/kaggle/input/datasets/tawsifurrahman/covid19-radiography-database/COVID-19_Radiography_Dataset/COVID/images/COVID-2267.png,COVID,COVID,0.9999980926513672,7.06894752511289e-07,8.482373345941596e-07,3.5900737316296727e-07,,,
/kaggle/input/datasets/tawsifurrahman/covid19-radiography-database/COVID-19_Radiography_Dataset/COVID/images/COVID-2284.png,COVID,COVID,0.9970383644104004,0.00010055713210022077,0.002812763676047325,4.8348250857088715e-05,,,
/kaggle/input/datasets/tawsifurrahman/covid19-radiography-database/COVID-19_Radiography_Dataset/COVID/images/COVID-2293.png,COVID,COVID,0.9988760352134705,0.00012687160051427782,0.0009952393593266606,1.8471171188139124e-06,,,
/kaggle/input/datasets/tawsifurrahman/covid19-radiography-database/COVID-19_Radiography_Dataset/COVID/images/COVID-2294.png,COVID,COVID,0.9248561263084412,0.011496164835989475,0.06357834488153458,6.937257421668619e-05,,,
/kaggle/input/datasets/tawsifurrahman/covid19-radiography-database/COVID-19_Radiography_Dataset/COVID/images/COVID-2295.png,COVID,Normal,0.1435433328151703,0.007929771207273006,0.8484178185462952,0.00010910502896877006,,0.4598783850669861,0.4598783850669861
/kaggle/input/datasets/tawsifurrahman/covid19-radiography-database/COVID-19_Radiography_Dataset/COVID/images/COVID-2298.png,COVID,COVID,0.9997484087944031,0.0001243084843736142,0.0001235894305864349,3.7053268897579983e-06,,,
/kaggle/input/datasets/tawsifurrahman/covid19-radiography-database/COVID-19_Radiography_Dataset/COVID/images/COVID-2310.png,COVID,COVID,0.9999191761016846,1.8375467334408313e-05,5.479872925207019e-05,7.615282811457291e-06,,0.3243240416049957,0.3243240416049957
/kaggle/input/datasets/tawsifurrahman/covid19-radiography-database/COVID-19_Radiography_Dataset/COVID/images/COVID-2334.png,COVID,COVID,0.8548974990844727,0.14002859592437744,0.003989050630480051,0.001084950752556324,,,
/kaggle/input/datasets/tawsifurrahman/covid19-radiography-database/COVID-19_Radiography_Dataset/COVID/images/COVID-2335.png,COVID,COVID,0.994379460811615,4.299591455492191e-05,0.0055719767697155476,5.5964974308153614e-06,,0.3947771191596985,0.3947771191596985
/kaggle/input/datasets/tawsifurrahman/covid19-radiography-database/COVID-19_Radiography_Dataset/COVID/images/COVID-2339.png,COVID,Normal,0.1430453062057495,0.003503568936139345,0.8534275889396667,2.3499223971157335e-05,,,
/kaggle/input/datasets/tawsifurrahman/covid19-radiography-database/COVID-19_Radiography_Dataset/COVID/images/COVID-2342.png,COVID,COVID,0.9871915578842163,0.0127546526491642,5.34544960828498e-05,3.700135664530535e-07,,,
/kaggle/input/datasets/tawsifurrahman/covid19-radiography-database/COVID-19_Radiography_Dataset/COVID/images/COVID-2344.png,COVID,COVID,0.9102202653884888,0.00032820782507769763,0.08909544348716736,0.0003561517223715782,,0.17723926901817322,0.17723926901817322
/kaggle/input/datasets/tawsifurrahman/covid19-radiography-database/COVID-19_Radiography_Dataset/COVID/images/COVID-2345.png,COVID,COVID,0.9916684627532959,0.004999871831387281,0.002479847287759185,0.000851879536639899,,,
/kaggle/input/datasets/tawsifurrahman/covid19-radiography-database/COVID-19_Radiography_Dataset/COVID/images/COVID-2349.png,COVID,COVID,0.7586323022842407,0.15957261621952057,0.07718753814697266,0.004607575014233589,,,
/kaggle/input/datasets/tawsifurrahman/covid19-radiography-database/COVID-19_Radiography_Dataset/COVID/images/COVID-2352.png,COVID,COVID,0.8207824230194092,0.17220091819763184,0.007016635034233332,1.9251123362096223e-08,,,
/kaggle/input/datasets/tawsifurrahman/covid19-radiography-database/COVID-19_Radiography_Dataset/COVID/images/COVID-2362.png,COVID,COVID,0.9994532465934753,0.0005461733089759946,6.467216167038714e-07,4.024954236570011e-08,,0.3485429286956787,0.3485429286956787
/kaggle/input/datasets/tawsifurrahman/covid19-radiography-database/COVID-19_Radiography_Dataset/COVID/images/COVID-2363.png,COVID,Lung_Opacity,0.15602096915245056,0.8141259551048279,0.029651397839188576,0.00020170283096376806,,,
/kaggle/input/datasets/tawsifurrahman/covid19-radiography-database/COVID-19_Radiography_Dataset/COVID/images/COVID-2366.png,COVID,COVID,0.9787893891334534,0.016173945739865303,0.005001014564186335,3.5615506931208074e-05,,0.4454587996006012,0.4454587996006012
/kaggle/input/datasets/tawsifurrahman/covid19-radiography-database/COVID-19_Radiography_Dataset/COVID/images/COVID-2367.png,COVID,COVID,0.7540006041526794,0.012199470773339272,0.2337998002767563,7.831042125872045e-08,,,
/kaggle/input/datasets/tawsifurrahman/covid19-radiography-database/COVID-19_Radiography_Dataset/COVID/images/COVID-2377.png,COVID,COVID,0.9975563287734985,5.6722456065472215e-05,1.2673604942392558e-05,0.002374146832153201,,,
/kaggle/input/datasets/tawsifurrahman/covid19-radiography-database/COVID-19_Radiography_Dataset/COVID/images/COVID-238.png,COVID,COVID,0.9996044039726257,0.0003877309791278094,7.61891396905412e-06,2.690241558411799e-07,,0.19477486610412598,0.19477486610412598
/kaggle/input/datasets/tawsifurrahman/covid19-radiography-database/COVID-19_Radiography_Dataset/COVID/images/COVID-2385.png,COVID,COVID,0.9686417579650879,0.005309835076332092,0.026043744757771492,4.6838054004183505e-06,,0.45267733931541443,0.45267733931541443
/kaggle/input/datasets/tawsifurrahman/covid19-radiography-database/COVID-19_Radiography_Dataset/COVID/images/COVID-2386.png,COVID,COVID,0.4816928207874298,0.415397047996521,0.10287824273109436,3.190402276231907e-05,,,
/kaggle/input/datasets/tawsifurrahman/covid19-radiography-database/COVID-19_Radiography_Dataset/COVID/images/COVID-2387.png,COVID,COVID,0.9993160963058472,0.0005137755069881678,0.00016869739920366555,1.4858555914543103e-06,,0.27324995398521423,0.27324995398521423
/kaggle/input/datasets/tawsifurrahman/covid19-radiography-database/COVID-19_Radiography_Dataset/COVID/images/COVID-2393.png,COVID,COVID,0.9998522996902466,9.589142791810445e-06,0.0001377851003780961,2.8113427674725244e-07,,,
/kaggle/input/datasets/tawsifurrahman/covid19-radiography-database/COVID-19_Radiography_Dataset/COVID/images/COVID-241.png,COVID,COVID,0.9794460535049438,0.008434531278908253,0.012117328122258186,2.0035495253978297e-06,,,
/kaggle/input/datasets/tawsifurrahman/covid19-radiography-database/COVID-19_Radiography_Dataset/COVID/images/COVID-2412.png,COVID,COVID,0.9289640188217163,0.0008632177487015724,0.06983301788568497,0.0003397921100258827,,,
/kaggle/input/datasets/tawsifurrahman/covid19-radiography-database/COVID-19_Radiography_Dataset/COVID/images/COVID-2425.png,COVID,COVID,0.9998749494552612,9.968842641683295e-05,2.303805922565516e-05,2.3685809082962805e-06,,,
/kaggle/input/datasets/tawsifurrahman/covid19-radiography-database/COVID-19_Radiography_Dataset/COVID/images/COVID-2442.png,COVID,COVID,0.9757440090179443,0.014781038276851177,1.5153727872529998e-05,0.00945984199643135,,,
/kaggle/input/datasets/tawsifurrahman/covid19-radiography-database/COVID-19_Radiography_Dataset/COVID/images/COVID-2454.png,COVID,COVID,0.9967117309570312,3.1149764254223555e-05,2.7761227556766244e-06,0.0032543432898819447,,,
/kaggle/input/datasets/tawsifurrahman/covid19-radiography-database/COVID-19_Radiography_Dataset/COVID/images/COVID-2466.png,COVID,COVID,0.9980499744415283,0.00011108807666460052,0.0011224892223253846,0.0007164206472225487,,0.3495164215564728,0.3495164215564728
/kaggle/input/datasets/tawsifurrahman/covid19-radiography-database/COVID-19_Radiography_Dataset/COVID/images/COVID-2469.png,COVID,COVID,0.9613759517669678,0.009128098376095295,0.029286431148648262,0.00020955009676981717,,,
/kaggle/input/datasets/tawsifurrahman/covid19-radiography-database/COVID-19_Radiography_Dataset/COVID/images/COVID-2471.png,COVID,COVID,0.9996640682220459,0.00033421398256905377,1.4910539221091312e-06,1.161200060550982e-07,,,
/kaggle/input/datasets/tawsifurrahman/covid19-radiography-database/COVID-19_Radiography_Dataset/COVID/images/COVID-2473.png,COVID,COVID,0.9998748302459717,0.00012505444465205073,1.3771916940186202e-07,2.869474968747454e-08,,0.31711190938949585,0.31711190938949585
/kaggle/input/datasets/tawsifurrahman/covid19-radiography-database/COVID-19_Radiography_Dataset/COVID/images/COVID-2496.png,COVID,COVID,0.9999995231628418,4.5069847942613706e-07,6.419813125546625e-09,1.625531376170386e-09,,0.2941335439682007,0.2941335439682007
/kaggle/input/datasets/tawsifurrahman/covid19-radiography-database/COVID-19_Radiography_Dataset/COVID/images/COVID-2497.png,COVID,COVID,0.9998637437820435,9.175894956570119e-05,2.2982916902947181e-07,4.424588769325055e-05,,0.3685545027256012,0.3685545027256012
/kaggle/input/datasets/tawsifurrahman/covid19-radiography-database/COVID-19_Radiography_Dataset/COVID/images/COVID-250.png,COVID,COVID,0.996792733669281,0.0018800422549247742,0.0013224103022366762,4.800074748345651e-06,,0.4678378999233246,0.4678378999233246
/kaggle/input/datasets/tawsifurrahman/covid19-radiography-database/COVID-19_Radiography_Dataset/COVID/images/COVID-2504.png,COVID,COVID,0.9998307228088379,2.885031426558271e-05,0.00014031180762685835,1.1140802769205038e-07,,,
/kaggle/input/datasets/tawsifurrahman/covid19-radiography-database/COVID-19_Radiography_Dataset/COVID/images/COVID-2509.png,COVID,COVID,0.8996624946594238,0.002921595238149166,0.09098178148269653,0.006434072274714708,,,
/kaggle/input/datasets/tawsifurrahman/covid19-radiography-database/COVID-19_Radiography_Dataset/COVID/images/COVID-251.png,COVID,COVID,0.837817370891571,0.15574516355991364,0.006423295941203833,1.414892994944239e-05,,,
/kaggle/input/datasets/tawsifurrahman/covid19-radiography-database/COVID-19_Radiography_Dataset/COVID/images/COVID-2510.png,COVID,COVID,0.9999498128890991,1.7208374629262835e-05,3.272206959081814e-05,2.4457213498862984e-07,,,
/kaggle/input/datasets/tawsifurrahman/covid19-radiography-database/COVID-19_Radiography_Dataset/COVID/images/COVID-2515.png,COVID,COVID,0.9854378700256348,0.003030559280887246,0.011529355309903622,2.2880014967086026e-06,,,
/kaggle/input/datasets/tawsifurrahman/covid19-radiography-database/COVID-19_Radiography_Dataset/COVID/images/COVID-2517.png,COVID,COVID,0.9917460680007935,0.0015656386967748404,0.006633599754422903,5.465472713694908e-05,,,
/kaggle/input/datasets/tawsifurrahman/covid19-radiography-database/COVID-19_Radiography_Dataset/COVID/images/COVID-2522.png,COVID,COVID,0.999660849571228,8.479302778141573e-05,9.8085765785072e-05,0.00015625912055838853,,,
/kaggle/input/datasets/tawsifurrahman/covid19-radiography-database/COVID-19_Radiography_Dataset/COVID/images/COVID-2524.png,COVID,COVID,0.9902470111846924,0.00920813251286745,0.000531179248355329,1.3719159142056014e-05,,,
/kaggle/input/datasets/tawsifurrahman/covid19-radiography-database/COVID-19_Radiography_Dataset/COVID/images/COVID-2525.png,COVID,COVID,0.5065044164657593,0.2806001603603363,0.21252094209194183,0.0003744543937500566,,,
/kaggle/input/datasets/tawsifurrahman/covid19-radiography-database/COVID-19_Radiography_Dataset/COVID/images/COVID-2528.png,COVID,COVID,0.9339053630828857,0.053591761738061905,0.01162929181009531,0.0008735129376873374,,,
/kaggle/input/datasets/tawsifurrahman/covid19-radiography-database/COVID-19_Radiography_Dataset/COVID/images/COVID-2535.png,COVID,COVID,0.9999642372131348,1.8278034985996783e-05,1.4664656191598624e-05,2.76917717201286e-06,,,
/kaggle/input/datasets/tawsifurrahman/covid19-radiography-database/COVID-19_Radiography_Dataset/COVID/images/COVID-2542.png,COVID,COVID,0.9998598098754883,2.119614691764582e-05,8.554831583751366e-05,3.3347496355418116e-05,,,
/kaggle/input/datasets/tawsifurrahman/covid19-radiography-database/COVID-19_Radiography_Dataset/COVID/images/COVID-2546.png,COVID,COVID,0.9999872446060181,2.3588476949498727e-07,1.0303794624633156e-05,2.258985887237941e-06,,,
/kaggle/input/datasets/tawsifurrahman/covid19-radiography-database/COVID-19_Radiography_Dataset/COVID/images/COVID-2549.png,COVID,Normal,0.38479602336883545,0.1452481746673584,0.4650000333786011,0.004955815151333809,,,
/kaggle/input/datasets/tawsifurrahman/covid19-radiography-database/COVID-19_Radiography_Dataset/COVID/images/COVID-256.png,COVID,COVID,0.9999268054962158,7.9630945037934e-06,6.300988025031984e-05,2.162384816983831e-06,,,
/kaggle/input/datasets/tawsifurrahman/covid19-radiography-database/COVID-19_Radiography_Dataset/COVID/images/COVID-2575.png,COVID,COVID,0.9979866743087769,0.00020920441602356732,0.0018037223489955068,4.6951174681453267e-07,,,
/kaggle/input/datasets/tawsifurrahman/covid19-radiography-database/COVID-19_Radiography_Dataset/COVID/images/COVID-2577.png,COVID,COVID,0.9999645948410034,1.7759106412995607e-05,1.7613529053051025e-05,2.5766199840404624e-08,,,
/kaggle/input/datasets/tawsifurrahman/covid19-radiography-database/COVID-19_Radiography_Dataset/COVID/images/COVID-2580.png,COVID,COVID,0.9994458556175232,0.0005109159392304718,6.130193469289225e-06,3.7119163607712835e-05,,,
/kaggle/input/datasets/tawsifurrahman/covid19-radiography-database/COVID-19_Radiography_Dataset/COVID/images/COVID-2581.png,COVID,COVID,0.9998992681503296,2.7809925086330622e-05,7.135714258765802e-05,1.4546046713803662e-06,,,
/kaggle/input/datasets/tawsifurrahman/covid19-radiography-database/COVID-19_Radiography_Dataset/COVID/images/COVID-2582.png,COVID,COVID,0.9999997615814209,2.0342881157375814e-07,2.0089251095978256e-10,2.751487393481966e-08,,,
/kaggle/input/datasets/tawsifurrahman/covid19-radiography-database/COVID-19_Radiography_Dataset/COVID/images/COVID-2584.png,COVID,COVID,0.9999858140945435,2.3557993245049147e-06,8.904702752943194e-08,1.1666518730635289e-05,,,
/kaggle/input/datasets/tawsifurrahman/covid19-radiography-database/COVID-19_Radiography_Dataset/COVID/images/COVID-2601.png,COVID,COVID,0.9997943043708801,5.640215931634884e-06,0.0002000386593863368,3.022812578024059e-08,,0.3477534055709839,0.3477534055709839
/kaggle/input/datasets/tawsifurrahman/covid19-radiography-database/COVID-19_Radiography_Dataset/COVID/images/COVID-2602.png,COVID,COVID,0.9541037678718567,0.04117327556014061,0.004127797670662403,0.0005952043575234711,,,
/kaggle/input/datasets/tawsifurrahman/covid19-radiography-database/COVID-19_Radiography_Dataset/COVID/images/COVID-2615.png,COVID,COVID,0.9993255138397217,0.0005157710402272642,0.0001550800952827558,3.594321924538235e-06,,,
/kaggle/input/datasets/tawsifurrahman/covid19-radiography-database/COVID-19_Radiography_Dataset/COVID/images/COVID-2624.png,COVID,COVID,0.9990111589431763,0.0008554547093808651,0.0001200543119921349,1.3331877198652364e-05,,,
/kaggle/input/datasets/tawsifurrahman/covid19-radiography-database/COVID-19_Radiography_Dataset/COVID/images/COVID-2628.png,COVID,COVID,0.9971504807472229,0.0012888944474980235,0.0015581382904201746,2.46424292527081e-06,,,
/kaggle/input/datasets/tawsifurrahman/covid19-radiography-database/COVID-19_Radiography_Dataset/COVID/images/COVID-2633.png,COVID,COVID,0.9984581470489502,0.0002156416157959029,0.0011875723721459508,0.0001387106312904507,,,
/kaggle/input/datasets/tawsifurrahman/covid19-radiography-database/COVID-19_Radiography_Dataset/COVID/images/COVID-2644.png,COVID,COVID,0.9865683317184448,0.013391096144914627,4.053813245263882e-05,3.0486315694133737e-08,,0.2754775583744049,0.2754775583744049
/kaggle/input/datasets/tawsifurrahman/covid19-radiography-database/COVID-19_Radiography_Dataset/COVID/images/COVID-2653.png,COVID,COVID,0.9943485856056213,0.004170471802353859,0.0014641248853877187,1.684283051872626e-05,,,
/kaggle/input/datasets/tawsifurrahman/covid19-radiography-database/COVID-19_Radiography_Dataset/COVID/images/COVID-2666.png,COVID,COVID,0.5397202968597412,0.005861947312951088,0.4533628821372986,0.0010548566933721304,,,
/kaggle/input/datasets/tawsifurrahman/covid19-radiography-database/COVID-19_Radiography_Dataset/COVID/images/COVID-2669.png,COVID,COVID,0.96662837266922,0.030198706313967705,0.003171574557200074,1.3442451063383487e-06,,0.2530147433280945,0.2530147433280945
/kaggle/input/datasets/tawsifurrahman/covid19-radiography-database/COVID-19_Radiography_Dataset/COVID/images/COVID-267.png,COVID,COVID,0.9733220338821411,0.026487311348319054,0.00016476932796649635,2.5911214834195562e-05,,,
/kaggle/input/datasets/tawsifurrahman/covid19-radiography-database/COVID-19_Radiography_Dataset/COVID/images/COVID-2687.png,COVID,COVID,0.9027844667434692,0.06059739366173744,0.03650565817952156,0.00011254807031946257,,,
/kaggle/input/datasets/tawsifurrahman/covid19-radiography-database/COVID-19_Radiography_Dataset/COVID/images/COVID-2692.png,COVID,COVID,0.7087623476982117,0.033518340438604355,0.25770530104637146,1.3978681636217516e-05,,,
/kaggle/input/datasets/tawsifurrahman/covid19-radiography-database/COVID-19_Radiography_Dataset/COVID/images/COVID-2698.png,COVID,COVID,0.9496379494667053,0.0356636606156826,0.014095555990934372,0.0006028145435266197,,,
/kaggle/input/datasets/tawsifurrahman/covid19-radiography-database/COVID-19_Radiography_Dataset/COVID/images/COVID-2704.png,COVID,COVID,0.7240027189254761,0.272408664226532,0.0035548864398151636,3.3798671211116016e-05,,,
/kaggle/input/datasets/tawsifurrahman/covid19-radiography-database/COVID-19_Radiography_Dataset/COVID/images/COVID-2708.png,COVID,COVID,0.9997890591621399,0.0002067755995085463,4.213730335322907e-06,1.1420800305472767e-08,,,
/kaggle/input/datasets/tawsifurrahman/covid19-radiography-database/COVID-19_Radiography_Dataset/COVID/images/COVID-2711.png,COVID,COVID,0.9056464433670044,0.0035109426826238632,0.0908338874578476,8.683469786774367e-06,,,
/kaggle/input/datasets/tawsifurrahman/covid19-radiography-database/COVID-19_Radiography_Dataset/COVID/images/COVID-2714.png,COVID,COVID,0.9999487400054932,4.941148290527053e-05,3.3240843322346336e-07,1.4368901020134217e-06,,0.3550131022930145,0.3550131022930145
/kaggle/input/datasets/tawsifurrahman/covid19-radiography-database/COVID-19_Radiography_Dataset/COVID/images/COVID-2716.png,COVID,COVID,0.9988483190536499,0.001130673917941749,1.8366259610047564e-05,2.652841203598655e-06,,,
/kaggle/input/datasets/tawsifurrahman/covid19-radiography-database/COVID-19_Radiography_Dataset/COVID/images/COVID-2724.png,COVID,COVID,0.9158952832221985,0.0022280546836555004,0.08187609165906906,6.173272026899213e-07,,,
/kaggle/input/datasets/tawsifurrahman/covid19-radiography-database/COVID-19_Radiography_Dataset/COVID/images/COVID-273.png,COVID,COVID,0.9996523857116699,0.00011372703738743439,0.00023197813425213099,1.8434016055834945e-06,,,
/kaggle/input/datasets/tawsifurrahman/covid19-radiography-database/COVID-19_Radiography_Dataset/COVID/images/COVID-2736.png,COVID,COVID,0.9994402527809143,9.414927626494318e-05,0.0004641153500415385,1.5573671134916367e-06,,,
/kaggle/input/datasets/tawsifurrahman/covid19-radiography-database/COVID-19_Radiography_Dataset/COVID/images/COVID-2737.png,COVID,COVID,0.9999920129776001,5.319967840478057e-06,2.0058450900251046e-06,6.067218123462226e-07,,,
/kaggle/input/datasets/tawsifurrahman/covid19-radiography-database/COVID-19_Radiography_Dataset/COVID/images/COVID-2740.png,COVID,COVID,0.9753469228744507,0.009068449959158897,0.015584125183522701,4.707620462340856e-07,,,
/kaggle/input/datasets/tawsifurrahman/covid19-radiography-database/COVID-19_Radiography_Dataset/COVID/images/COVID-2759.png,COVID,COVID,0.9999536275863647,4.563896436593495e-05,4.298831299820449e-07,2.793114788346429e-07,,0.35775497555732727,0.35775497555732727
/kaggle/input/datasets/tawsifurrahman/covid19-radiography-database/COVID-19_Radiography_Dataset/COVID/images/COVID-2761.png,COVID,COVID,0.9999969005584717,3.1342258353106445e-06,9.015351132291016e-09,8.558054265250803e-10,,0.4349638819694519,0.4349638819694519
/kaggle/input/datasets/tawsifurrahman/covid19-radiography-database/COVID-19_Radiography_Dataset/COVID/images/COVID-2762.png,COVID,COVID,0.9999043941497803,8.215823618229479e-05,6.007443857924955e-07,1.2835468623961788e-05,,0.2437257617712021,0.2437257617712021
/kaggle/input/datasets/tawsifurrahman/covid19-radiography-database/COVID-19_Radiography_Dataset/COVID/images/COVID-2770.png,COVID,COVID,0.9999969005584717,1.367129470963846e-06,3.0932278605178e-07,1.3221424524090253e-06,,0.32510906457901,0.32510906457901
/kaggle/input/datasets/tawsifurrahman/covid19-radiography-database/COVID-19_Radiography_Dataset/COVID/images/COVID-2771.png,COVID,COVID,0.9999065399169922,9.35344178287778e-06,8.340194472111762e-05,6.330221822281601e-07,,,
/kaggle/input/datasets/tawsifurrahman/covid19-radiography-database/COVID-19_Radiography_Dataset/COVID/images/COVID-2776.png,COVID,COVID,0.9998373985290527,8.859757508616894e-05,6.355359073495492e-05,1.039616108755581e-05,,0.21612992882728577,0.21612992882728577
/kaggle/input/datasets/tawsifurrahman/covid19-radiography-database/COVID-19_Radiography_Dataset/COVID/images/COVID-2778.png,COVID,Normal,0.09676271677017212,0.02491513267159462,0.87832111120224,1.0096125606651185e-06,,,
/kaggle/input/datasets/tawsifurrahman/covid19-radiography-database/COVID-19_Radiography_Dataset/COVID/images/COVID-2785.png,COVID,COVID,0.9999372959136963,5.9219655668130144e-06,5.649736704071984e-05,2.762172641723737e-07,,,
/kaggle/input/datasets/tawsifurrahman/covid19-radiography-database/COVID-19_Radiography_Dataset/COVID/images/COVID-2787.png,COVID,COVID,0.998559296131134,0.0006025819457136095,0.0008378402562811971,3.672828086109803e-07,,0.3132460415363312,0.3132460415363312
/kaggle/input/datasets/tawsifurrahman/covid19-radiography-database/COVID-19_Radiography_Dataset/COVID/images/COVID-279.png,COVID,COVID,0.9989253878593445,0.0010311267105862498,1.696821072982857e-06,4.173534762230702e-05,,,
/kaggle/input/datasets/tawsifurrahman/covid19-radiography-database/COVID-19_Radiography_Dataset/COVID/images/COVID-2794.png,COVID,COVID,0.9769796133041382,0.0006409819470718503,0.022378278896212578,1.1252096783209709e-06,,,
/kaggle/input/datasets/tawsifurrahman/covid19-radiography-database/COVID-19_Radiography_Dataset/COVID/images/COVID-2798.png,COVID,COVID,0.9982808828353882,0.0017150476342067122,3.730030357473879e-06,3.928300884581404e-07,,0.3547443747520447,0.3547443747520447
/kaggle/input/datasets/tawsifurrahman/covid19-radiography-database/COVID-19_Radiography_Dataset/COVID/images/COVID-28.png,COVID,COVID,0.9996079802513123,0.0001758829312166199,4.666791028284933e-06,0.00021147332154214382,,,
/kaggle/input/datasets/tawsifurrahman/covid19-radiography-database/COVID-19_Radiography_Dataset/COVID/images/COVID-2804.png,COVID,COVID,0.9693752527236938,0.0018427903996780515,0.02876853384077549,1.3444207979773637e-05,,,
/kaggle/input/datasets/tawsifurrahman/covid19-radiography-database/COVID-19_Radiography_Dataset/COVID/images/COVID-2818.png,COVID,COVID,0.9446216821670532,9.868687629932538e-05,0.055247630923986435,3.201865547453053e-05,,,
/kaggle/input/datasets/tawsifurrahman/covid19-radiography-database/COVID-19_Radiography_Dataset/COVID/images/COVID-2833.png,COVID,COVID,0.9961113333702087,0.0027624524664133787,0.000969993241596967,0.00015619849727954715,,,
/kaggle/input/datasets/tawsifurrahman/covid19-radiography-database/COVID-19_Radiography_Dataset/COVID/images/COVID-2841.png,COVID,COVID,0.9995971322059631,0.00039709554403088987,1.6924669807849568e-06,4.178323251835536e-06,,0.4602847695350647,0.4602847695350647
/kaggle/input/datasets/tawsifurrahman/covid19-radiography-database/COVID-19_Radiography_Dataset/COVID/images/COVID-2842.png,COVID,COVID,0.9856305718421936,0.014311423525214195,5.108071127324365e-05,6.924390163476346e-06,,,
/kaggle/input/datasets/tawsifurrahman/covid19-radiography-database/COVID-19_Radiography_Dataset/COVID/images/COVID-2849.png,COVID,COVID,0.9995003938674927,2.6212343072984368e-05,0.00047328302753157914,6.503154992287818e-08,,,
/kaggle/input/datasets/tawsifurrahman/covid19-radiography-database/COVID-19_Radiography_Dataset/COVID/images/COVID-285.png,COVID,COVID,0.6141948699951172,0.0052276309579610825,0.38036608695983887,0.00021135389397386461,,,
/kaggle/input/datasets/tawsifurrahman/covid19-radiography-database/COVID-19_Radiography_Dataset/COVID/images/COVID-2853.png,COVID,COVID,0.9998468160629272,8.642618195153773e-05,6.529747042804956e-05,1.367265895169112e-06,,,
/kaggle/input/datasets/tawsifurrahman/covid19-radiography-database/COVID-19_Radiography_Dataset/COVID/images/COVID-2855.png,COVID,COVID,0.9943593144416809,0.0019210521131753922,0.003710394259542227,9.206740287481807e-06,,,
/kaggle/input/datasets/tawsifurrahman/covid19-radiography-database/COVID-19_Radiography_Dataset/COVID/images/COVID-2860.png,COVID,COVID,0.9991425275802612,2.647761721163988e-05,0.0008308403193950653,5.92120485976011e-08,,,
/kaggle/input/datasets/tawsifurrahman/covid19-radiography-database/COVID-19_Radiography_Dataset/COVID/images/COVID-2864.png,COVID,COVID,0.8408090472221375,0.06089137867093086,0.09824884682893753,5.074366708868183e-05,,,
/kaggle/input/datasets/tawsifurrahman/covid19-radiography-database/COVID-19_Radiography_Dataset/COVID/images/COVID-2867.png,COVID,COVID,0.9993571639060974,6.102064435253851e-05,0.000581110012717545,7.24806739071937e-07,,,
/kaggle/input/datasets/tawsifurrahman/covid19-radiography-database/COVID-19_Radiography_Dataset/COVID/images/COVID-2872.png,COVID,COVID,0.9996172189712524,6.093340925872326e-05,0.00032188862678594887,6.682614017705646e-09,,0.41712063550949097,0.41712063550949097
/kaggle/input/datasets/tawsifurrahman/covid19-radiography-database/COVID-19_Radiography_Dataset/COVID/images/COVID-2879.png,COVID,COVID,0.98770672082901,0.006397348828613758,0.005880090873688459,1.5793495549587533e-05,,0.2272700071334839,0.2272700071334839
/kaggle/input/datasets/tawsifurrahman/covid19-radiography-database/COVID-19_Radiography_Dataset/COVID/images/COVID-2884.png,COVID,COVID,0.9999465942382812,3.9088619814720005e-05,1.425297978130402e-05,1.5894471516730846e-08,,0.26090770959854126,0.26090770959854126
/kaggle/input/datasets/tawsifurrahman/covid19-radiography-database/COVID-19_Radiography_Dataset/COVID/images/COVID-289.png,COVID,COVID,0.9999997615814209,1.6126926993820234e-07,1.1238231456545122e-09,6.98770605822574e-08,,0.3801444470882416,0.3801444470882416
/kaggle/input/datasets/tawsifurrahman/covid19-radiography-database/COVID-19_Radiography_Dataset/COVID/images/COVID-2909.png,COVID,COVID,0.9999960660934448,8.20988361738273e-08,3.1342021884483984e-06,7.023386956461763e-07,,,
/kaggle/input/datasets/tawsifurrahman/covid19-radiography-database/COVID-19_Radiography_Dataset/COVID/images/COVID-2914.png,COVID,COVID,0.9264171123504639,0.006194618064910173,0.06733130663633347,5.6916396715678275e-05,,,
/kaggle/input/datasets/tawsifurrahman/covid19-radiography-database/COVID-19_Radiography_Dataset/COVID/images/COVID-2919.png,COVID,COVID,0.9988111257553101,0.0011290396796539426,5.829214205732569e-05,1.475016915719607e-06,,,
/kaggle/input/datasets/tawsifurrahman/covid19-radiography-database/COVID-19_Radiography_Dataset/COVID/images/COVID-2922.png,COVID,COVID,0.5079972147941589,0.03893387317657471,0.45297297835350037,9.594810398994014e-05,,,
/kaggle/input/datasets/tawsifurrahman/covid19-radiography-database/COVID-19_Radiography_Dataset/COVID/images/COVID-2924.png,COVID,COVID,0.9974299073219299,0.00010006367665482685,0.002434852998703718,3.517832010402344e-05,,,
/kaggle/input/datasets/tawsifurrahman/covid19-radiography-database/COVID-19_Radiography_Dataset/COVID/images/COVID-2926.png,COVID,COVID,0.9795510768890381,0.010610731318593025,0.008579280227422714,0.0012588226236402988,,,
/kaggle/input/datasets/tawsifurrahman/covid19-radiography-database/COVID-19_Radiography_Dataset/COVID/images/COVID-2927.png,COVID,COVID,0.8810574412345886,0.07229108363389969,0.046267107129096985,0.0003844175662379712,,,
/kaggle/input/datasets/tawsifurrahman/covid19-radiography-database/COVID-19_Radiography_Dataset/COVID/images/COVID-293.png,COVID,COVID,0.999525785446167,0.00047217425890266895,1.393637489854882e-06,6.244172823244298e-07,,,
/kaggle/input/datasets/tawsifurrahman/covid19-radiography-database/COVID-19_Radiography_Dataset/COVID/images/COVID-2943.png,COVID,COVID,0.990110456943512,0.005688616540282965,0.003896879032254219,0.00030398962553590536,,0.5396567583084106,0.5396567583084106
/kaggle/input/datasets/tawsifurrahman/covid19-radiography-database/COVID-19_Radiography_Dataset/COVID/images/COVID-2955.png,COVID,COVID,0.6256745457649231,0.015168286859989166,0.3590954542160034,6.169996049720794e-05,,0.47017934918403625,0.47017934918403625
/kaggle/input/datasets/tawsifurrahman/covid19-radiography-database/COVID-19_Radiography_Dataset/COVID/images/COVID-2963.png,COVID,COVID,0.9773328304290771,0.01143805030733347,0.010932212695479393,0.00029687630012631416,,,
/kaggle/input/datasets/tawsifurrahman/covid19-radiography-database/COVID-19_Radiography_Dataset/COVID/images/COVID-2968.png,COVID,COVID,0.9427054524421692,0.04727107658982277,0.009306506253778934,0.0007170469616539776,,0.1195756271481514,0.1195756271481514
/kaggle/input/datasets/tawsifurrahman/covid19-radiography-database/COVID-19_Radiography_Dataset/COVID/images/COVID-2971.png,COVID,COVID,0.9852011799812317,0.0005867980071343482,0.014195314608514309,1.6638767192489468e-05,,,
/kaggle/input/datasets/tawsifurrahman/covid19-radiography-database/COVID-19_Radiography_Dataset/COVID/images/COVID-2972.png,COVID,Normal,0.12765222787857056,0.004940456245094538,0.8646942973136902,0.002712968271225691,,0.4996686577796936,0.4996686577796936
/kaggle/input/datasets/tawsifurrahman/covid19-radiography-database/COVID-19_Radiography_Dataset/COVID/images/COVID-2977.png,COVID,COVID,0.9999557733535767,2.4471759388688952e-05,1.9801889720838517e-05,9.077959717274098e-09,,,
/kaggle/input/datasets/tawsifurrahman/covid19-radiography-database/COVID-19_Radiography_Dataset/COVID/images/COVID-2978.png,COVID,COVID,0.9998862743377686,0.00010944192763417959,3.630273795351968e-06,6.419350029318593e-07,,,
/kaggle/input/datasets/tawsifurrahman/covid19-radiography-database/COVID-19_Radiography_Dataset/COVID/images/COVID-2980.png,COVID,COVID,0.9671268463134766,0.0020006822887808084,0.0025388284120708704,0.028333600610494614,,,
/kaggle/input/datasets/tawsifurrahman/covid19-radiography-database/COVID-19_Radiography_Dataset/COVID/images/COVID-2984.png,COVID,COVID,0.999998927116394,6.101133749325527e-07,1.4518272450914083e-07,3.393377596694336e-07,,,
/kaggle/input/datasets/tawsifurrahman/covid19-radiography-database/COVID-19_Radiography_Dataset/COVID/images/COVID-2992.png,COVID,COVID,0.9968674778938293,0.0031033942941576242,5.9611816141114105e-06,2.3208240236272104e-05,,,
/kaggle/input/datasets/tawsifurrahman/covid19-radiography-database/COVID-19_Radiography_Dataset/COVID/images/COVID-2995.png,COVID,COVID,0.9999892711639404,8.710210749995895e-06,1.3467351891449653e-06,7.10498284206551e-07,,,
/kaggle/input/datasets/tawsifurrahman/covid19-radiography-database/COVID-19_Radiography_Dataset/COVID/images/COVID-2997.png,COVID,COVID,0.7972517013549805,0.06388705968856812,0.13881230354309082,4.901817737845704e-05,,,
/kaggle/input/datasets/tawsifurrahman/covid19-radiography-database/COVID-19_Radiography_Dataset/COVID/images/COVID-3006.png,COVID,COVID,0.99698406457901,0.00037196328048594296,0.0018786267610266805,0.0007653460488654673,,0.4018435478210449,0.4018435478210449
/kaggle/input/datasets/tawsifurrahman/covid19-radiography-database/COVID-19_Radiography_Dataset/COVID/images/COVID-3011.png,COVID,Normal,0.15232177078723907,0.010990411974489689,0.8365623354911804,0.00012544089986477047,,,
/kaggle/input/datasets/tawsifurrahman/covid19-radiography-database/COVID-19_Radiography_Dataset/COVID/images/COVID-3013.png,COVID,COVID,0.99981290102005,2.2701929083268624e-06,0.00018465939501766115,2.2560034551588615e-07,,0.26392391324043274,0.26392391324043274
/kaggle/input/datasets/tawsifurrahman/covid19-radiography-database/COVID-19_Radiography_Dataset/COVID/images/COVID-3048.png,COVID,COVID,0.9561430215835571,0.04038681462407112,0.003460474079474807,9.733201295603067e-06,,,
/kaggle/input/datasets/tawsifurrahman/covid19-radiography-database/COVID-19_Radiography_Dataset/COVID/images/COVID-3049.png,COVID,COVID,0.8190724849700928,0.0038809829857200384,0.17634965479373932,0.0006967851077206433,,,
/kaggle/input/datasets/tawsifurrahman/covid19-radiography-database/COVID-19_Radiography_Dataset/COVID/images/COVID-3056.png,COVID,COVID,0.9796334505081177,0.019596096128225327,0.0004396736912894994,0.00033079468994401395,,,
/kaggle/input/datasets/tawsifurrahman/covid19-radiography-database/COVID-19_Radiography_Dataset/COVID/images/COVID-3063.png,COVID,COVID,0.7422186732292175,0.06629741191864014,0.19137273728847504,0.00011117629037471488,,,
/kaggle/input/datasets/tawsifurrahman/covid19-radiography-database/COVID-19_Radiography_Dataset/COVID/images/COVID-3065.png,COVID,COVID,0.9999628067016602,2.895211764553096e-05,8.269022146123461e-06,4.3327666787718044e-08,,0.38497474789619446,0.38497474789619446
/kaggle/input/datasets/tawsifurrahman/covid19-radiography-database/COVID-19_Radiography_Dataset/COVID/images/COVID-3074.png,COVID,COVID,0.652214765548706,0.0009681888623163104,0.3467557728290558,6.127767119323835e-05,,0.48516178131103516,0.48516178131103516
/kaggle/input/datasets/tawsifurrahman/covid19-radiography-database/COVID-19_Radiography_Dataset/COVID/images/COVID-3079.png,COVID,COVID,0.9998148083686829,0.00018265693506691605,1.6708428347556037e-06,9.34490174131497e-07,,,
/kaggle/input/datasets/tawsifurrahman/covid19-radiography-database/COVID-19_Radiography_Dataset/COVID/images/COVID-3092.png,COVID,COVID,0.9996234178543091,0.00016057513130363077,0.00021592871053144336,2.7326992224629976e-08,,,
/kaggle/input/datasets/tawsifurrahman/covid19-radiography-database/COVID-19_Radiography_Dataset/COVID/images/COVID-3097.png,COVID,COVID,0.9999639987945557,7.783542059769388e-06,1.0110011317010503e-07,2.810587284329813e-05,,0.3056234121322632,0.3056234121322632
/kaggle/input/datasets/tawsifurrahman/covid19-radiography-database/COVID-19_Radiography_Dataset/COVID/images/COVID-3100.png,COVID,COVID,0.9770815968513489,0.009570050053298473,0.013262089341878891,8.628282375866547e-05,,,
/kaggle/input/datasets/tawsifurrahman/covid19-radiography-database/COVID-19_Radiography_Dataset/COVID/images/COVID-3107.png,COVID,COVID,0.9993651509284973,0.00046502123586833477,0.00016843511548358947,1.4446751492869225e-06,,,
/kaggle/input/datasets/tawsifurrahman/covid19-radiography-database/COVID-19_Radiography_Dataset/COVID/images/COVID-3115.png,COVID,COVID,0.9999517202377319,3.1270991485143895e-07,7.542521871073404e-06,4.040011845063418e-05,,0.20464438199996948,0.20464438199996948
/kaggle/input/datasets/tawsifurrahman/covid19-radiography-database/COVID-19_Radiography_Dataset/COVID/images/COVID-3146.png,COVID,COVID,0.9990414977073669,0.0003635846369434148,0.0005944909644313157,3.703044058056548e-07,,0.44610098004341125,0.44610098004341125
/kaggle/input/datasets/tawsifurrahman/covid19-radiography-database/COVID-19_Radiography_Dataset/COVID/images/COVID-3150.png,COVID,COVID,0.9881151914596558,0.011600913479924202,0.0001899077178677544,9.393979416927323e-05,,,
/kaggle/input/datasets/tawsifurrahman/covid19-radiography-database/COVID-19_Radiography_Dataset/COVID/images/COVID-3152.png,COVID,COVID,0.9994757771492004,1.2038105523970444e-05,0.0005122664151713252,2.6046745205121624e-08,,,
/kaggle/input/datasets/tawsifurrahman/covid19-radiography-database/COVID-19_Radiography_Dataset/COVID/images/COVID-3156.png,COVID,COVID,0.5780704617500305,0.008302075788378716,0.41360241174697876,2.5028217351064086e-05,,,
/kaggle/input/datasets/tawsifurrahman/covid19-radiography-database/COVID-19_Radiography_Dataset/COVID/images/COVID-3168.png,COVID,COVID,0.9803799390792847,0.00036344019463285804,0.019254721701145172,1.8787520730256801e-06,,,
/kaggle/input/datasets/tawsifurrahman/covid19-radiography-database/COVID-19_Radiography_Dataset/COVID/images/COVID-3188.png,COVID,COVID,0.6876505613327026,0.31038400530815125,9.472884994465858e-05,0.0018707106355577707,,,
/kaggle/input/datasets/tawsifurrahman/covid19-radiography-database/COVID-19_Radiography_Dataset/COVID/images/COVID-3190.png,COVID,COVID,0.9996507167816162,0.00016836887516546994,0.00015520011947955936,2.5788185666897334e-05,,,
/kaggle/input/datasets/tawsifurrahman/covid19-radiography-database/COVID-19_Radiography_Dataset/COVID/images/COVID-3199.png,COVID,COVID,0.969839334487915,0.007962364703416824,0.021671520546078682,0.0005268074455671012,,0.21680742502212524,0.21680742502212524
/kaggle/input/datasets/tawsifurrahman/covid19-radiography-database/COVID-19_Radiography_Dataset/COVID/images/COVID-32.png,COVID,Normal,0.14776381850242615,0.026408888399600983,0.8257255554199219,0.00010171407484449446,,0.42598646879196167,0.42598646879196167
/kaggle/input/datasets/tawsifurrahman/covid19-radiography-database/COVID-19_Radiography_Dataset/COVID/images/COVID-3201.png,COVID,COVID,0.4988735616207123,0.047853920608758926,0.23828065395355225,0.21499186754226685,,0.01907552033662796,0.01907552033662796
/kaggle/input/datasets/tawsifurrahman/covid19-radiography-database/COVID-19_Radiography_Dataset/COVID/images/COVID-323.png,COVID,COVID,0.9967695474624634,0.0029657320119440556,0.00026268939836882055,2.010020580200944e-06,,0.26295900344848633,0.26295900344848633
/kaggle/input/datasets/tawsifurrahman/covid19-radiography-database/COVID-19_Radiography_Dataset/COVID/images/COVID-3235.png,COVID,COVID,0.9955446124076843,0.00027398878592066467,0.004180740099400282,6.391963438545645e-07,,,
/kaggle/input/datasets/tawsifurrahman/covid19-radiography-database/COVID-19_Radiography_Dataset/COVID/images/COVID-3239.png,COVID,COVID,0.9998351335525513,6.210905849002302e-05,0.00010205744911218062,6.730491008966055e-07,,0.39968180656433105,0.39968180656433105
/kaggle/input/datasets/tawsifurrahman/covid19-radiography-database/COVID-19_Radiography_Dataset/COVID/images/COVID-3240.png,COVID,COVID,0.9466363787651062,0.049796346575021744,0.003535729832947254,3.152249337290414e-05,,,
/kaggle/input/datasets/tawsifurrahman/covid19-radiography-database/COVID-19_Radiography_Dataset/COVID/images/COVID-3241.png,COVID,COVID,0.5137394666671753,0.01666257344186306,0.46957412362098694,2.3835391402826644e-05,,,
/kaggle/input/datasets/tawsifurrahman/covid19-radiography-database/COVID-19_Radiography_Dataset/COVID/images/COVID-3246.png,COVID,COVID,0.9929825067520142,0.0002682535850908607,0.005690001416951418,0.001059202360920608,,,
/kaggle/input/datasets/tawsifurrahman/covid19-radiography-database/COVID-19_Radiography_Dataset/COVID/images/COVID-3259.png,COVID,COVID,0.9991636276245117,3.8765960198361427e-05,0.0007943377713672817,3.3020116916304687e-06,,,
/kaggle/input/datasets/tawsifurrahman/covid19-radiography-database/COVID-19_Radiography_Dataset/COVID/images/COVID-3265.png,COVID,COVID,0.8338178992271423,0.002087737899273634,0.1640939861536026,4.1010508766703424e-07,,,
/kaggle/input/datasets/tawsifurrahman/covid19-radiography-database/COVID-19_Radiography_Dataset/COVID/images/COVID-3267.png,COVID,COVID,0.9926649928092957,0.004829076584428549,0.00213545560836792,0.0003703852999024093,,,
/kaggle/input/datasets/tawsifurrahman/covid19-radiography-database/COVID-19_Radiography_Dataset/COVID/images/COVID-3268.png,COVID,COVID,0.9994352459907532,3.819922130787745e-05,0.0005260973121039569,4.512817497470678e-07,,,
/kaggle/input/datasets/tawsifurrahman/covid19-radiography-database/COVID-19_Radiography_Dataset/COVID/images/COVID-3270.png,COVID,COVID,0.9930468201637268,0.00020290131215006113,0.006749910302460194,3.8202273344722926e-07,,0.24361534416675568,0.24361534416675568
/kaggle/input/datasets/tawsifurrahman/covid19-radiography-database/COVID-19_Radiography_Dataset/COVID/images/COVID-3282.png,COVID,COVID,0.9902453422546387,0.00019811090896837413,0.009536887519061565,1.970894300029613e-05,,0.32374706864356995,0.32374706864356995
/kaggle/input/datasets/tawsifurrahman/covid19-radiography-database/COVID-19_Radiography_Dataset/COVID/images/COVID-3289.png,COVID,COVID,0.9421716332435608,0.02328803576529026,0.034503016620874405,3.738250597962178e-05,,,
/kaggle/input/datasets/tawsifurrahman/covid19-radiography-database/COVID-19_Radiography_Dataset/COVID/images/COVID-3290.png,COVID,COVID,0.9995718598365784,0.000340186437824741,8.64691028255038e-05,1.4944666872906964e-06,,0.31250759959220886,0.31250759959220886
/kaggle/input/datasets/tawsifurrahman/covid19-radiography-database/COVID-19_Radiography_Dataset/COVID/images/COVID-330.png,COVID,COVID,0.9999860525131226,1.0765296792669687e-05,2.9658372113772202e-06,1.4807280024342617e-07,,,
/kaggle/input/datasets/tawsifurrahman/covid19-radiography-database/COVID-19_Radiography_Dataset/COVID/images/COVID-3300.png,COVID,COVID,0.9305576682090759,0.04142678529024124,0.026462795212864876,0.0015527340583503246,,0.09769268333911896,0.09769268333911896
/kaggle/input/datasets/tawsifurrahman/covid19-radiography-database/COVID-19_Radiography_Dataset/COVID/images/COVID-3313.png,COVID,COVID,0.9943557977676392,0.0024953200481832027,0.0031362969893962145,1.2531454558484256e-05,,,
/kaggle/input/datasets/tawsifurrahman/covid19-radiography-database/COVID-19_Radiography_Dataset/COVID/images/COVID-3321.png,COVID,COVID,0.9994332194328308,1.9014560166397132e-05,0.0005404811236076057,7.256237495312234e-06,,,
/kaggle/input/datasets/tawsifurrahman/covid19-radiography-database/COVID-19_Radiography_Dataset/COVID/images/COVID-333.png,COVID,COVID,0.9954894185066223,0.004099065437912941,0.00041048642015084624,1.0834176009666407e-06,,,
/kaggle/input/datasets/tawsifurrahman/covid19-radiography-database/COVID-19_Radiography_Dataset/COVID/images/COVID-3334.png,COVID,COVID,0.7720519304275513,0.00815108697861433,0.2197742611169815,2.2814214389654808e-05,,,
/kaggle/input/datasets/tawsifurrahman/covid19-radiography-database/COVID-19_Radiography_Dataset/COVID/images/COVID-3350.png,COVID,COVID,0.9982125759124756,0.0013974291505292058,0.0003880872391164303,2.010277057706844e-06,,,
/kaggle/input/datasets/tawsifurrahman/covid19-radiography-database/COVID-19_Radiography_Dataset/COVID/images/COVID-3386.png,COVID,COVID,0.9883713126182556,0.006951175630092621,0.0046716900542378426,5.767969469161471e-06,,0.36238107085227966,0.36238107085227966
/kaggle/input/datasets/tawsifurrahman/covid19-radiography-database/COVID-19_Radiography_Dataset/COVID/images/COVID-3410.png,COVID,COVID,0.892066478729248,0.0026919711381196976,0.10521458834409714,2.6930429157800972e-05,,0.3997710049152374,0.3997710049152374
/kaggle/input/datasets/tawsifurrahman/covid19-radiography-database/COVID-19_Radiography_Dataset/COVID/images/COVID-342.png,COVID,COVID,0.9987674951553345,4.375851131044328e-05,0.0011766430689021945,1.204657837661216e-05,,,
/kaggle/input/datasets/tawsifurrahman/covid19-radiography-database/COVID-19_Radiography_Dataset/COVID/images/COVID-3424.png,COVID,COVID,0.9807888865470886,0.0008425853447988629,0.008332480676472187,0.010035986080765724,,,
/kaggle/input/datasets/tawsifurrahman/covid19-radiography-database/COVID-19_Radiography_Dataset/COVID/images/COVID-3435.png,COVID,COVID,0.9321392178535461,0.0012351187178865075,0.06661663949489594,8.95108314580284e-06,,,
/kaggle/input/datasets/tawsifurrahman/covid19-radiography-database/COVID-19_Radiography_Dataset/COVID/images/COVID-3438.png,COVID,COVID,0.9781498312950134,0.00082375732017681,0.021024927496910095,1.4696388461743481e-06,,,
/kaggle/input/datasets/tawsifurrahman/covid19-radiography-database/COVID-19_Radiography_Dataset/COVID/images/COVID-3455.png,COVID,Normal,0.3775022625923157,0.2077760547399521,0.41466835141181946,5.332948421710171e-05,,0.5011628270149231,0.5011628270149231
/kaggle/input/datasets/tawsifurrahman/covid19-radiography-database/COVID-19_Radiography_Dataset/COVID/images/COVID-3457.png,COVID,COVID,0.9991748929023743,7.831267430447042e-05,0.0007265235763043165,2.0179351849947125e-05,,0.29512524604797363,0.29512524604797363
/kaggle/input/datasets/tawsifurrahman/covid19-radiography-database/COVID-19_Radiography_Dataset/COVID/images/COVID-3461.png,COVID,COVID,0.9979054927825928,4.576017090585083e-05,0.0020483541302382946,3.578562655093265e-07,,,
/kaggle/input/datasets/tawsifurrahman/covid19-radiography-database/COVID-19_Radiography_Dataset/COVID/images/COVID-3462.png,COVID,COVID,0.6458705067634583,0.2022661715745926,0.07864221185445786,0.0732211321592331,,,
/kaggle/input/datasets/tawsifurrahman/covid19-radiography-database/COVID-19_Radiography_Dataset/COVID/images/COVID-3463.png,COVID,COVID,0.9869652986526489,0.00014560382987838238,0.012889012694358826,3.460414532696632e-08,,0.3181573748588562,0.3181573748588562
/kaggle/input/datasets/tawsifurrahman/covid19-radiography-database/COVID-19_Radiography_Dataset/COVID/images/COVID-3469.png,COVID,COVID,0.9973495006561279,0.0025161714293062687,8.703475759830326e-05,4.7330217057606205e-05,,0.23884306848049164,0.23884306848049164
/kaggle/input/datasets/tawsifurrahman/covid19-radiography-database/COVID-19_Radiography_Dataset/COVID/images/COVID-3471.png,COVID,COVID,0.9993546605110168,0.00020105687144678086,0.0004429300606716424,1.40842087148485e-06,,,
/kaggle/input/datasets/tawsifurrahman/covid19-radiography-database/COVID-19_Radiography_Dataset/COVID/images/COVID-348.png,COVID,COVID,0.9908996820449829,0.0011728721437975764,0.007900027558207512,2.7435424271970987e-05,,,
/kaggle/input/datasets/tawsifurrahman/covid19-radiography-database/COVID-19_Radiography_Dataset/COVID/images/COVID-349.png,COVID,COVID,0.860526978969574,0.09928947687149048,0.04017466679215431,8.805100151221268e-06,,,
/kaggle/input/datasets/tawsifurrahman/covid19-radiography-database/COVID-19_Radiography_Dataset/COVID/images/COVID-3491.png,COVID,COVID,0.9960612654685974,0.003666380885988474,0.00021019374253228307,6.222239608177915e-05,,,
/kaggle/input/datasets/tawsifurrahman/covid19-radiography-database/COVID-19_Radiography_Dataset/COVID/images/COVID-3496.png,COVID,COVID,0.9999982118606567,1.236356297340535e-06,4.878325512436277e-07,4.8679545727736695e-08,,,
/kaggle/input/datasets/tawsifurrahman/covid19-radiography-database/COVID-19_Radiography_Dataset/COVID/images/COVID-3499.png,COVID,Normal,0.11561044305562973,0.3523246645927429,0.5314410924911499,0.0006237832130864263,,,
/kaggle/input/datasets/tawsifurrahman/covid19-radiography-database/COVID-19_Radiography_Dataset/COVID/images/COVID-3501.png,COVID,COVID,0.9935364127159119,0.006431402638554573,1.4220686352928169e-05,1.7948434106074274e-05,,,
/kaggle/input/datasets/tawsifurrahman/covid19-radiography-database/COVID-19_Radiography_Dataset/COVID/images/COVID-3502.png,COVID,COVID,0.8113548755645752,0.180083230137825,0.00841442495584488,0.0001473962183808908,,,
/kaggle/input/datasets/tawsifurrahman/covid19-radiography-database/COVID-19_Radiography_Dataset/COVID/images/COVID-3503.png,COVID,COVID,0.9988987445831299,5.3130770538700745e-06,0.0010959060164168477,1.3923513897395878e-08,,0.24620158970355988,0.24620158970355988
/kaggle/input/datasets/tawsifurrahman/covid19-radiography-database/COVID-19_Radiography_Dataset/COVID/images/COVID-351.png,COVID,COVID,0.9998776912689209,7.285358151420951e-05,4.356900535640307e-05,5.760437034041388e-06,,,
/kaggle/input/datasets/tawsifurrahman/covid19-radiography-database/COVID-19_Radiography_Dataset/COVID/images/COVID-3515.png,COVID,COVID,0.9990436434745789,1.794590752979275e-05,0.000921508704777807,1.6808498912723735e-05,,,
/kaggle/input/datasets/tawsifurrahman/covid19-radiography-database/COVID-19_Radiography_Dataset/COVID/images/COVID-3516.png,COVID,COVID,0.9990436434745789,1.794590752979275e-05,0.000921508704777807,1.6808498912723735e-05,,,
/kaggle/input/datasets/tawsifurrahman/covid19-radiography-database/COVID-19_Radiography_Dataset/COVID/images/COVID-3526.png,COVID,COVID,0.9988415837287903,0.0011458831140771508,9.936799870047253e-06,2.653493766047177e-06,,,
/kaggle/input/datasets/tawsifurrahman/covid19-radiography-database/COVID-19_Radiography_Dataset/COVID/images/COVID-3527.png,COVID,COVID,0.99824059009552,0.0017223089234903455,1.9910428818548098e-05,1.719007377687376e-05,,,
/kaggle/input/datasets/tawsifurrahman/covid19-radiography-database/COVID-19_Radiography_Dataset/COVID/images/COVID-3531.png,COVID,COVID,0.9977789521217346,0.00162122689653188,0.0005997096304781735,6.46823679062436e-08,,,
/kaggle/input/datasets/tawsifurrahman/covid19-radiography-database/COVID-19_Radiography_Dataset/COVID/images/COVID-3533.png,COVID,COVID,0.9976784586906433,0.001873736851848662,0.00044774136040359735,3.0662601346875817e-09,,,
/kaggle/input/datasets/tawsifurrahman/covid19-radiography-database/COVID-19_Radiography_Dataset/COVID/images/COVID-3541.png,COVID,COVID,0.9394701719284058,0.04791054129600525,0.012610296718776226,9.083404620469082e-06,,0.3942374885082245,0.3942374885082245
/kaggle/input/datasets/tawsifurrahman/covid19-radiography-database/COVID-19_Radiography_Dataset/COVID/images/COVID-3557.png,COVID,COVID,0.9859544634819031,0.0001678175904089585,0.013668923638761044,0.0002088181208819151,,,
/kaggle/input/datasets/tawsifurrahman/covid19-radiography-database/COVID-19_Radiography_Dataset/COVID/images/COVID-3562.png,COVID,COVID,0.9986305236816406,0.0006436537369154394,0.0007169258897192776,8.98164125828771e-06,,,
/kaggle/input/datasets/tawsifurrahman/covid19-radiography-database/COVID-19_Radiography_Dataset/COVID/images/COVID-3563.png,COVID,COVID,0.9999809265136719,1.8768649169942364e-05,1.446739759103366e-07,1.7104554217439727e-07,,,
/kaggle/input/datasets/tawsifurrahman/covid19-radiography-database/COVID-19_Radiography_Dataset/COVID/images/COVID-3567.png,COVID,COVID,0.9868109822273254,0.013063729740679264,0.00012204990343889222,3.17441640618199e-06,,0.2795584797859192,0.2795584797859192
/kaggle/input/datasets/tawsifurrahman/covid19-radiography-database/COVID-19_Radiography_Dataset/COVID/images/COVID-3580.png,COVID,COVID,0.9924426674842834,0.0004587782605085522,0.007092998828738928,5.610100743069779e-06,,,
/kaggle/input/datasets/tawsifurrahman/covid19-radiography-database/COVID-19_Radiography_Dataset/COVID/images/COVID-3581.png,COVID,COVID,0.9992635846138,6.442144513130188e-05,0.0006717999349348247,1.0981886333638613e-07,,,
/kaggle/input/datasets/tawsifurrahman/covid19-radiography-database/COVID-19_Radiography_Dataset/COVID/images/COVID-3587.png,COVID,COVID,0.9999960660934448,1.2207557631427335e-08,3.4330976177443517e-06,4.5273063165041094e-07,,,
/kaggle/input/datasets/tawsifurrahman/covid19-radiography-database/COVID-19_Radiography_Dataset/COVID/images/COVID-3591.png,COVID,COVID,0.999953031539917,2.875456993933767e-05,2.792835175569053e-06,1.5469528079847805e-05,,0.3907560706138611,0.3907560706138611
/kaggle/input/datasets/tawsifurrahman/covid19-radiography-database/COVID-19_Radiography_Dataset/COVID/images/COVID-3593.png,COVID,COVID,0.9999687671661377,2.9330049073905684e-05,1.9442625216470333e-06,1.5899189520496293e-08,,,
/kaggle/input/datasets/tawsifurrahman/covid19-radiography-database/COVID-19_Radiography_Dataset/COVID/images/COVID-3598.png,COVID,COVID,0.9512295722961426,0.046178046613931656,0.002181248739361763,0.0004111290618311614,,,
/kaggle/input/datasets/tawsifurrahman/covid19-radiography-database/COVID-19_Radiography_Dataset/COVID/images/COVID-36.png,COVID,COVID,0.9463790059089661,0.010819610208272934,0.042729299515485764,7.206753070931882e-05,,0.3522873818874359,0.3522873818874359
/kaggle/input/datasets/tawsifurrahman/covid19-radiography-database/COVID-19_Radiography_Dataset/COVID/images/COVID-361.png,COVID,COVID,0.760136067867279,0.11848492920398712,0.1203806921839714,0.0009983403142541647,,,
/kaggle/input/datasets/tawsifurrahman/covid19-radiography-database/COVID-19_Radiography_Dataset/COVID/images/COVID-3612.png,COVID,COVID,0.9938030242919922,0.0002409834851277992,0.005955946631729603,4.242407669607928e-08,,,
/kaggle/input/datasets/tawsifurrahman/covid19-radiography-database/COVID-19_Radiography_Dataset/COVID/images/COVID-3616.png,COVID,COVID,0.998602569103241,0.0010491569992154837,0.00034146482357755303,6.815902906964766e-06,,0.3227306604385376,0.3227306604385376
/kaggle/input/datasets/tawsifurrahman/covid19-radiography-database/COVID-19_Radiography_Dataset/COVID/images/COVID-364.png,COVID,Normal,0.07940860092639923,0.043487805873155594,0.8763140439987183,0.0007896063616499305,,,
/kaggle/input/datasets/tawsifurrahman/covid19-radiography-database/COVID-19_Radiography_Dataset/COVID/images/COVID-368.png,COVID,COVID,0.9932548403739929,0.005744018591940403,0.0009871048387140036,1.4033483239472844e-05,,,
/kaggle/input/datasets/tawsifurrahman/covid19-radiography-database/COVID-19_Radiography_Dataset/COVID/images/COVID-372.png,COVID,COVID,0.9999607801437378,2.8359668249322567e-06,3.6134667880105553e-06,3.281120370957069e-05,,,
/kaggle/input/datasets/tawsifurrahman/covid19-radiography-database/COVID-19_Radiography_Dataset/COVID/images/COVID-382.png,COVID,COVID,0.9646300077438354,0.00549634825438261,0.006104529369622469,0.02376905083656311,,,
/kaggle/input/datasets/tawsifurrahman/covid19-radiography-database/COVID-19_Radiography_Dataset/COVID/images/COVID-383.png,COVID,COVID,0.9999916553497314,9.244176908396184e-07,3.49901796425911e-08,7.396050023089629e-06,,,
/kaggle/input/datasets/tawsifurrahman/covid19-radiography-database/COVID-19_Radiography_Dataset/COVID/images/COVID-394.png,COVID,COVID,0.9978780746459961,0.002067774534225464,3.712553370860405e-05,1.7052672774298117e-05,,0.3559670150279999,0.3559670150279999
/kaggle/input/datasets/tawsifurrahman/covid19-radiography-database/COVID-19_Radiography_Dataset/COVID/images/COVID-395.png,COVID,COVID,0.94149249792099,0.0038342908956110477,0.05438282713294029,0.00029036012711003423,,,
/kaggle/input/datasets/tawsifurrahman/covid19-radiography-database/COVID-19_Radiography_Dataset/COVID/images/COVID-4.png,COVID,Viral Pneumonia,0.0006000923458486795,0.00011963753786403686,0.0012580635957419872,0.998022198677063,,,
/kaggle/input/datasets/tawsifurrahman/covid19-radiography-database/COVID-19_Radiography_Dataset/COVID/images/COVID-407.png,COVID,COVID,0.944657027721405,0.05380956083536148,0.0014664484187960625,6.701239908579737e-05,,,
/kaggle/input/datasets/tawsifurrahman/covid19-radiography-database/COVID-19_Radiography_Dataset/COVID/images/COVID-409.png,COVID,COVID,0.9774984121322632,0.022335557267069817,3.548657332430594e-05,0.00013050180859863758,,0.27656981348991394,0.27656981348991394
/kaggle/input/datasets/tawsifurrahman/covid19-radiography-database/COVID-19_Radiography_Dataset/COVID/images/COVID-414.png,COVID,COVID,0.9999879598617554,1.1816985534096602e-05,4.86033435720401e-08,1.9026691688850406e-07,,,
/kaggle/input/datasets/tawsifurrahman/covid19-radiography-database/COVID-19_Radiography_Dataset/COVID/images/COVID-418.png,COVID,COVID,0.9830423593521118,0.0007052293512970209,0.0162059273570776,4.657675526686944e-05,,,
/kaggle/input/datasets/tawsifurrahman/covid19-radiography-database/COVID-19_Radiography_Dataset/COVID/images/COVID-42.png,COVID,COVID,0.9999979734420776,1.989320935535943e-06,2.3528619053081457e-08,8.79909833884085e-09,,,
/kaggle/input/datasets/tawsifurrahman/covid19-radiography-database/COVID-19_Radiography_Dataset/COVID/images/COVID-421.png,COVID,COVID,0.9807597994804382,0.004422488156706095,0.01458981353789568,0.00022796234406996518,,0.1972179263830185,0.1972179263830185
/kaggle/input/datasets/tawsifurrahman/covid19-radiography-database/COVID-19_Radiography_Dataset/COVID/images/COVID-423.png,COVID,Normal,0.011118468828499317,0.00017216432024724782,0.930629551410675,0.05807977542281151,,0.3749953806400299,0.3749953806400299
/kaggle/input/datasets/tawsifurrahman/covid19-radiography-database/COVID-19_Radiography_Dataset/COVID/images/COVID-427.png,COVID,Normal,0.009286370128393173,0.013699337840080261,0.9770132899284363,9.476185027779138e-07,,,
/kaggle/input/datasets/tawsifurrahman/covid19-radiography-database/COVID-19_Radiography_Dataset/COVID/images/COVID-447.png,COVID,COVID,0.9995718598365784,0.0003662650706246495,1.1279218597337604e-05,5.049757965025492e-05,,,
/kaggle/input/datasets/tawsifurrahman/covid19-radiography-database/COVID-19_Radiography_Dataset/COVID/images/COVID-452.png,COVID,COVID,0.994828999042511,0.005090838298201561,2.5426421416341327e-05,5.480215259012766e-05,,0.47240737080574036,0.47240737080574036
/kaggle/input/datasets/tawsifurrahman/covid19-radiography-database/COVID-19_Radiography_Dataset/COVID/images/COVID-460.png,COVID,COVID,0.9999996423721313,1.9420494368205254e-07,8.233309500838004e-08,1.856108156061964e-08,,0.4585459530353546,0.4585459530353546
/kaggle/input/datasets/tawsifurrahman/covid19-radiography-database/COVID-19_Radiography_Dataset/COVID/images/COVID-467.png,COVID,Normal,0.22481082379817963,0.27732884883880615,0.497648686170578,0.00021163301425985992,,,
/kaggle/input/datasets/tawsifurrahman/covid19-radiography-database/COVID-19_Radiography_Dataset/COVID/images/COVID-47.png,COVID,COVID,0.9803940057754517,0.01955363154411316,5.2331670303829014e-05,8.672249585117697e-09,,0.46672624349594116,0.46672624349594116
/kaggle/input/datasets/tawsifurrahman/covid19-radiography-database/COVID-19_Radiography_Dataset/COVID/images/COVID-470.png,COVID,COVID,0.9313622117042542,0.048524051904678345,0.020087534561753273,2.6145678930333816e-05,,,
/kaggle/input/datasets/tawsifurrahman/covid19-radiography-database/COVID-19_Radiography_Dataset/COVID/images/COVID-476.png,COVID,COVID,0.9997209906578064,0.0002773630549199879,1.5071907455421751e-07,1.489274268351437e-06,,,
/kaggle/input/datasets/tawsifurrahman/covid19-radiography-database/COVID-19_Radiography_Dataset/COVID/images/COVID-480.png,COVID,COVID,0.9812608957290649,0.018678124994039536,6.0041984397685155e-05,9.56519897954422e-07,,,
/kaggle/input/datasets/tawsifurrahman/covid19-radiography-database/COVID-19_Radiography_Dataset/COVID/images/COVID-490.png,COVID,COVID,0.9998931884765625,1.2207961844978854e-05,9.441821748623624e-05,1.8295621373454196e-07,,,
/kaggle/input/datasets/tawsifurrahman/covid19-radiography-database/COVID-19_Radiography_Dataset/COVID/images/COVID-497.png,COVID,COVID,0.9999195337295532,4.063254164066166e-05,3.242878301534802e-05,7.3581886681495234e-06,,,
/kaggle/input/datasets/tawsifurrahman/covid19-radiography-database/COVID-19_Radiography_Dataset/COVID/images/COVID-504.png,COVID,COVID,0.9299216270446777,0.0011687339283525944,0.06890684366226196,2.8313725124462508e-06,,0.482424259185791,0.482424259185791
/kaggle/input/datasets/tawsifurrahman/covid19-radiography-database/COVID-19_Radiography_Dataset/COVID/images/COVID-509.png,COVID,COVID,0.999541163444519,0.0003171243879478425,0.00011142245784867555,3.0281480576377362e-05,,0.4967162013053894,0.4967162013053894
/kaggle/input/datasets/tawsifurrahman/covid19-radiography-database/COVID-19_Radiography_Dataset/COVID/images/COVID-51.png,COVID,COVID,0.9881504774093628,0.00372021971270442,1.807629450922832e-05,0.008111263625323772,,,
/kaggle/input/datasets/tawsifurrahman/covid19-radiography-database/COVID-19_Radiography_Dataset/COVID/images/COVID-510.png,COVID,COVID,0.9985068440437317,0.0014781467616558075,1.4936298612155952e-05,5.182183215879377e-08,,0.3990335762500763,0.3990335762500763
/kaggle/input/datasets/tawsifurrahman/covid19-radiography-database/COVID-19_Radiography_Dataset/COVID/images/COVID-524.png,COVID,COVID,0.9999940395355225,5.4958195505605545e-06,2.874897404581134e-07,2.0317210669418273e-07,,,
/kaggle/input/datasets/tawsifurrahman/covid19-radiography-database/COVID-19_Radiography_Dataset/COVID/images/COVID-526.png,COVID,COVID,0.9972996115684509,0.0026470855809748173,5.054125722381286e-05,2.850537839549361e-06,,,
/kaggle/input/datasets/tawsifurrahman/covid19-radiography-database/COVID-19_Radiography_Dataset/COVID/images/COVID-527.png,COVID,COVID,0.9992276430130005,8.649073606648017e-06,3.615476089180447e-06,0.0007601719116792083,,,
/kaggle/input/datasets/tawsifurrahman/covid19-radiography-database/COVID-19_Radiography_Dataset/COVID/images/COVID-528.png,COVID,COVID,0.9949485063552856,0.004969003144651651,2.4460932763759047e-05,5.8055367844644934e-05,,0.19450974464416504,0.19450974464416504
/kaggle/input/datasets/tawsifurrahman/covid19-radiography-database/COVID-19_Radiography_Dataset/COVID/images/COVID-531.png,COVID,COVID,0.9996922016143799,0.00030410467297770083,3.7559772181339213e-07,3.32060062646633e-06,,,
/kaggle/input/datasets/tawsifurrahman/covid19-radiography-database/COVID-19_Radiography_Dataset/COVID/images/COVID-533.png,COVID,COVID,0.999998927116394,5.162980301065545e-07,4.3297838203670835e-08,6.122116360529617e-07,,,
/kaggle/input/datasets/tawsifurrahman/covid19-radiography-database/COVID-19_Radiography_Dataset/COVID/images/COVID-538.png,COVID,COVID,0.9999037981033325,9.497508290223777e-05,1.2262026984899421e-06,6.674684271956721e-08,,0.5160131454467773,0.5160131454467773
/kaggle/input/datasets/tawsifurrahman/covid19-radiography-database/COVID-19_Radiography_Dataset/COVID/images/COVID-54.png,COVID,COVID,0.9999464750289917,1.4408231436391361e-05,2.5794735847739503e-05,1.334871103608748e-05,,,
/kaggle/input/datasets/tawsifurrahman/covid19-radiography-database/COVID-19_Radiography_Dataset/COVID/images/COVID-541.png,COVID,COVID,0.9998596906661987,3.879755604430102e-05,3.2054601888376055e-06,9.824861626839265e-05,,,
/kaggle/input/datasets/tawsifurrahman/covid19-radiography-database/COVID-19_Radiography_Dataset/COVID/images/COVID-55.png,COVID,COVID,0.8223631978034973,0.09746851772069931,0.0801565870642662,1.1757096217479557e-05,,,
/kaggle/input/datasets/tawsifurrahman/covid19-radiography-database/COVID-19_Radiography_Dataset/COVID/images/COVID-551.png,COVID,COVID,0.8232772350311279,0.17652621865272522,0.00019199906091671437,4.575208095047856e-06,,,
/kaggle/input/datasets/tawsifurrahman/covid19-radiography-database/COVID-19_Radiography_Dataset/COVID/images/COVID-555.png,COVID,COVID,0.9654703736305237,0.006303250323981047,0.028214283287525177,1.2187118045403622e-05,,0.43270277976989746,0.43270277976989746
/kaggle/input/datasets/tawsifurrahman/covid19-radiography-database/COVID-19_Radiography_Dataset/COVID/images/COVID-556.png,COVID,COVID,0.5471855401992798,0.0028355263639241457,0.0010552728781476617,0.44892361760139465,,,
/kaggle/input/datasets/tawsifurrahman/covid19-radiography-database/COVID-19_Radiography_Dataset/COVID/images/COVID-565.png,COVID,COVID,0.9999337196350098,6.577961903531104e-05,2.1715536036026606e-07,2.4457429503854655e-07,,,
/kaggle/input/datasets/tawsifurrahman/covid19-radiography-database/COVID-19_Radiography_Dataset/COVID/images/COVID-569.png,COVID,COVID,0.999950647354126,2.7458127078716643e-05,2.1790319806314074e-05,5.325671281752875e-08,,0.4987564980983734,0.4987564980983734
/kaggle/input/datasets/tawsifurrahman/covid19-radiography-database/COVID-19_Radiography_Dataset/COVID/images/COVID-57.png,COVID,COVID,0.9653591513633728,0.0023479508236050606,0.004870048724114895,0.02742283046245575,,,
/kaggle/input/datasets/tawsifurrahman/covid19-radiography-database/COVID-19_Radiography_Dataset/COVID/images/COVID-576.png,COVID,COVID,0.9992511868476868,0.000745518016628921,1.7917798231792403e-06,1.4562411934093689e-06,,,
/kaggle/input/datasets/tawsifurrahman/covid19-radiography-database/COVID-19_Radiography_Dataset/COVID/images/COVID-579.png,COVID,COVID,0.9546574950218201,0.040895819664001465,0.0002371640148339793,0.00420944532379508,,,
/kaggle/input/datasets/tawsifurrahman/covid19-radiography-database/COVID-19_Radiography_Dataset/COVID/images/COVID-582.png,COVID,COVID,0.9999709129333496,1.9961249563493766e-05,7.163581727809287e-09,9.127280463872012e-06,,,
/kaggle/input/datasets/tawsifurrahman/covid19-radiography-database/COVID-19_Radiography_Dataset/COVID/images/COVID-586.png,COVID,COVID,0.9968219995498657,0.00028506104717962444,0.002887483686208725,5.518310445040697e-06,,,
/kaggle/input/datasets/tawsifurrahman/covid19-radiography-database/COVID-19_Radiography_Dataset/COVID/images/COVID-598.png,COVID,COVID,0.9995284080505371,6.024613685440272e-05,0.0004112771130166948,3.395896186475511e-08,,0.329158216714859,0.329158216714859
/kaggle/input/datasets/tawsifurrahman/covid19-radiography-database/COVID-19_Radiography_Dataset/COVID/images/COVID-599.png,COVID,COVID,0.9999579191207886,1.1695748071360867e-05,2.861650318664033e-05,1.8109468555849162e-06,,0.4273211359977722,0.4273211359977722
/kaggle/input/datasets/tawsifurrahman/covid19-radiography-database/COVID-19_Radiography_Dataset/COVID/images/COVID-600.png,COVID,COVID,0.9999606609344482,3.893402754329145e-05,1.219368073179794e-07,3.0097618264335324e-07,,,
/kaggle/input/datasets/tawsifurrahman/covid19-radiography-database/COVID-19_Radiography_Dataset/COVID/images/COVID-601.png,COVID,COVID,0.9648733735084534,0.002190422033891082,0.032784298062324524,0.000151838714373298,,0.4561153054237366,0.4561153054237366
/kaggle/input/datasets/tawsifurrahman/covid19-radiography-database/COVID-19_Radiography_Dataset/COVID/images/COVID-602.png,COVID,COVID,0.9999696016311646,1.038966638589045e-05,2.0030138330184855e-05,1.7596599732883078e-08,,,
/kaggle/input/datasets/tawsifurrahman/covid19-radiography-database/COVID-19_Radiography_Dataset/COVID/images/COVID-609.png,COVID,COVID,0.999967098236084,1.9713326764758676e-05,9.285879968956579e-06,3.859786829707446e-06,,0.4360222816467285,0.4360222816467285
/kaggle/input/datasets/tawsifurrahman/covid19-radiography-database/COVID-19_Radiography_Dataset/COVID/images/COVID-616.png,COVID,COVID,0.9932407140731812,0.002309605944901705,0.004449466709047556,1.7627853310386854e-07,,,
/kaggle/input/datasets/tawsifurrahman/covid19-radiography-database/COVID-19_Radiography_Dataset/COVID/images/COVID-640.png,COVID,COVID,0.9847872853279114,0.003327407408505678,0.011851508170366287,3.388190089026466e-05,,0.30616751313209534,0.30616751313209534
/kaggle/input/datasets/tawsifurrahman/covid19-radiography-database/COVID-19_Radiography_Dataset/COVID/images/COVID-643.png,COVID,COVID,0.9987706542015076,2.536068313929718e-05,0.0012027532793581486,1.1398302603993216e-06,,,
/kaggle/input/datasets/tawsifurrahman/covid19-radiography-database/COVID-19_Radiography_Dataset/COVID/images/COVID-648.png,COVID,COVID,0.9885016679763794,0.0016985709080472589,0.009778558276593685,2.1141988327144645e-05,,,
/kaggle/input/datasets/tawsifurrahman/covid19-radiography-database/COVID-19_Radiography_Dataset/COVID/images/COVID-66.png,COVID,COVID,0.9549659490585327,0.03913621976971626,0.00038742730976082385,0.005510429851710796,,,
/kaggle/input/datasets/tawsifurrahman/covid19-radiography-database/COVID-19_Radiography_Dataset/COVID/images/COVID-660.png,COVID,Normal,0.41016730666160583,0.02915651723742485,0.5605737566947937,0.00010243372526019812,,0.39499422907829285,0.39499422907829285
/kaggle/input/datasets/tawsifurrahman/covid19-radiography-database/COVID-19_Radiography_Dataset/COVID/images/COVID-662.png,COVID,COVID,0.9996433258056641,0.0003440947039052844,1.2064065231243148e-05,5.943772407590586e-07,,,
/kaggle/input/datasets/tawsifurrahman/covid19-radiography-database/COVID-19_Radiography_Dataset/COVID/images/COVID-670.png,COVID,COVID,0.9990886449813843,0.0006960127502679825,4.469982013688423e-05,0.00017070879403036088,,0.38199588656425476,0.38199588656425476
/kaggle/input/datasets/tawsifurrahman/covid19-radiography-database/COVID-19_Radiography_Dataset/COVID/images/COVID-677.png,COVID,COVID,0.9653891324996948,0.016648516058921814,0.017961423844099045,9.780793561731116e-07,,0.28187835216522217,0.28187835216522217
/kaggle/input/datasets/tawsifurrahman/covid19-radiography-database/COVID-19_Radiography_Dataset/COVID/images/COVID-68.png,COVID,COVID,0.9999451637268066,1.8478856873116456e-05,3.633371306932531e-05,3.8446621886123467e-08,,0.38686665892601013,0.38686665892601013
/kaggle/input/datasets/tawsifurrahman/covid19-radiography-database/COVID-19_Radiography_Dataset/COVID/images/COVID-684.png,COVID,COVID,0.9968067407608032,0.00297748320735991,0.00021550517703872174,2.723987222452706e-07,,0.465384304523468,0.465384304523468
/kaggle/input/datasets/tawsifurrahman/covid19-radiography-database/COVID-19_Radiography_Dataset/COVID/images/COVID-69.png,COVID,COVID,0.9999445676803589,3.9527472836198285e-05,2.9576644919870887e-06,1.2954003068443853e-05,,,
/kaggle/input/datasets/tawsifurrahman/covid19-radiography-database/COVID-19_Radiography_Dataset/COVID/images/COVID-714.png,COVID,COVID,0.9929969906806946,0.00038017932092770934,0.006610074546188116,1.2785466424247716e-05,,,
/kaggle/input/datasets/tawsifurrahman/covid19-radiography-database/COVID-19_Radiography_Dataset/COVID/images/COVID-723.png,COVID,COVID,0.9976230263710022,0.0018911687657237053,0.0004830047255381942,2.8829454095102847e-06,,0.3438014090061188,0.3438014090061188
/kaggle/input/datasets/tawsifurrahman/covid19-radiography-database/COVID-19_Radiography_Dataset/COVID/images/COVID-725.png,COVID,COVID,0.9986218214035034,0.0002368499553995207,0.0011362896766513586,5.005590082873823e-06,,,
/kaggle/input/datasets/tawsifurrahman/covid19-radiography-database/COVID-19_Radiography_Dataset/COVID/images/COVID-731.png,COVID,COVID,0.9998444318771362,3.001092409249395e-05,0.00012304419942665845,2.501305061741732e-06,,,
/kaggle/input/datasets/tawsifurrahman/covid19-radiography-database/COVID-19_Radiography_Dataset/COVID/images/COVID-743.png,COVID,COVID,0.9998857975006104,0.0001056034307111986,8.344830348505639e-06,1.9409249318869115e-07,,,
/kaggle/input/datasets/tawsifurrahman/covid19-radiography-database/COVID-19_Radiography_Dataset/COVID/images/COVID-755.png,COVID,COVID,0.9999570846557617,9.42807673709467e-06,4.386044111015508e-06,2.9127813832019456e-05,,,
/kaggle/input/datasets/tawsifurrahman/covid19-radiography-database/COVID-19_Radiography_Dataset/COVID/images/COVID-756.png,COVID,COVID,0.9716954827308655,0.0004394860006868839,0.02785264141857624,1.2361320841591805e-05,,,
/kaggle/input/datasets/tawsifurrahman/covid19-radiography-database/COVID-19_Radiography_Dataset/COVID/images/COVID-759.png,COVID,COVID,0.9984980821609497,0.0011882695835083723,0.0002625751367304474,5.111689824843779e-05,,,
/kaggle/input/datasets/tawsifurrahman/covid19-radiography-database/COVID-19_Radiography_Dataset/COVID/images/COVID-765.png,COVID,COVID,0.9820683598518372,0.01683834195137024,0.0010910277487710118,2.2578487914870493e-06,,,
/kaggle/input/datasets/tawsifurrahman/covid19-radiography-database/COVID-19_Radiography_Dataset/COVID/images/COVID-78.png,COVID,COVID,0.999923825263977,1.843046811700333e-05,7.94212337495992e-06,4.975918272975832e-05,,,
/kaggle/input/datasets/tawsifurrahman/covid19-radiography-database/COVID-19_Radiography_Dataset/COVID/images/COVID-781.png,COVID,COVID,0.9656327366828918,0.033137813210487366,0.0011834101751446724,4.6094315621303394e-05,,0.31746894121170044,0.31746894121170044
/kaggle/input/datasets/tawsifurrahman/covid19-radiography-database/COVID-19_Radiography_Dataset/COVID/images/COVID-782.png,COVID,COVID,0.9991331696510315,2.9096623620716855e-05,0.0003959902096539736,0.00044177877134643495,,0.23400500416755676,0.23400500416755676
/kaggle/input/datasets/tawsifurrahman/covid19-radiography-database/COVID-19_Radiography_Dataset/COVID/images/COVID-808.png,COVID,COVID,0.766152024269104,0.23290447890758514,0.0007035519229248166,0.00023996230447664857,,0.27607253193855286,0.27607253193855286
/kaggle/input/datasets/tawsifurrahman/covid19-radiography-database/COVID-19_Radiography_Dataset/COVID/images/COVID-81.png,COVID,COVID,0.9929710030555725,0.0005335016758181155,0.00039272982394322753,0.006102753337472677,,,
/kaggle/input/datasets/tawsifurrahman/covid19-radiography-database/COVID-19_Radiography_Dataset/COVID/images/COVID-811.png,COVID,COVID,0.9991111159324646,0.0008093363139778376,2.6614452508511022e-05,5.3021314670331776e-05,,,
/kaggle/input/datasets/tawsifurrahman/covid19-radiography-database/COVID-19_Radiography_Dataset/COVID/images/COVID-837.png,COVID,COVID,0.9999799728393555,1.9869332390953787e-05,1.5734478608919744e-07,5.645724954206344e-08,,0.37459054589271545,0.37459054589271545
/kaggle/input/datasets/tawsifurrahman/covid19-radiography-database/COVID-19_Radiography_Dataset/COVID/images/COVID-841.png,COVID,COVID,0.3759634494781494,0.26230815052986145,0.3617112636566162,1.7115366063080728e-05,,,
/kaggle/input/datasets/tawsifurrahman/covid19-radiography-database/COVID-19_Radiography_Dataset/COVID/images/COVID-844.png,COVID,COVID,0.9992330074310303,0.0007061428623273969,5.986903852317482e-05,9.154525741905672e-07,,0.40152761340141296,0.40152761340141296
/kaggle/input/datasets/tawsifurrahman/covid19-radiography-database/COVID-19_Radiography_Dataset/COVID/images/COVID-85.png,COVID,COVID,0.9816575050354004,0.018295012414455414,2.216474968008697e-06,4.5224787754705176e-05,,,
/kaggle/input/datasets/tawsifurrahman/covid19-radiography-database/COVID-19_Radiography_Dataset/COVID/images/COVID-851.png,COVID,COVID,0.9991758465766907,8.668778173159808e-05,0.0007364709745161235,9.317632816419064e-07,,,
/kaggle/input/datasets/tawsifurrahman/covid19-radiography-database/COVID-19_Radiography_Dataset/COVID/images/COVID-854.png,COVID,COVID,0.9474034905433655,0.0020939672831445932,0.050381340086460114,0.0001212427087011747,,,
/kaggle/input/datasets/tawsifurrahman/covid19-radiography-database/COVID-19_Radiography_Dataset/COVID/images/COVID-855.png,COVID,COVID,0.9984248876571655,0.001567704020999372,5.411653546616435e-06,2.098448703691247e-06,,0.32687240839004517,0.32687240839004517
/kaggle/input/datasets/tawsifurrahman/covid19-radiography-database/COVID-19_Radiography_Dataset/COVID/images/COVID-863.png,COVID,COVID,0.9680652618408203,0.0014754383591935039,0.03045748919248581,1.8739980305326753e-06,,,
/kaggle/input/datasets/tawsifurrahman/covid19-radiography-database/COVID-19_Radiography_Dataset/COVID/images/COVID-868.png,COVID,COVID,0.9998781681060791,6.957597361179069e-05,4.706111940322444e-05,5.1495799198164605e-06,,0.30659082531929016,0.30659082531929016
/kaggle/input/datasets/tawsifurrahman/covid19-radiography-database/COVID-19_Radiography_Dataset/COVID/images/COVID-869.png,COVID,Normal,0.025735868141055107,0.009085939265787601,0.9651758670806885,2.4173559722839855e-06,,,
/kaggle/input/datasets/tawsifurrahman/covid19-radiography-database/COVID-19_Radiography_Dataset/COVID/images/COVID-91.png,COVID,Normal,0.019073646515607834,0.010842358693480492,0.970082700252533,1.2169673482276266e-06,,0.5852891206741333,0.5852891206741333
/kaggle/input/datasets/tawsifurrahman/covid19-radiography-database/COVID-19_Radiography_Dataset/COVID/images/COVID-915.png,COVID,COVID,0.9987623691558838,0.0005466323927976191,1.7991413187701255e-05,0.0006729784072376788,,0.21708659827709198,0.21708659827709198
/kaggle/input/datasets/tawsifurrahman/covid19-radiography-database/COVID-19_Radiography_Dataset/COVID/images/COVID-918.png,COVID,COVID,0.9999570846557617,3.294185808044858e-05,9.813621545617934e-06,1.6159614801836142e-07,,0.3587929904460907,0.3587929904460907
/kaggle/input/datasets/tawsifurrahman/covid19-radiography-database/COVID-19_Radiography_Dataset/COVID/images/COVID-92.png,COVID,COVID,0.999998927116394,7.453539296875533e-07,9.193642114269096e-08,2.655829973718937e-07,,,
/kaggle/input/datasets/tawsifurrahman/covid19-radiography-database/COVID-19_Radiography_Dataset/COVID/images/COVID-920.png,COVID,COVID,0.9992642998695374,0.0005698793684132397,0.00016033262363635004,5.423641141533153e-06,,,
/kaggle/input/datasets/tawsifurrahman/covid19-radiography-database/COVID-19_Radiography_Dataset/COVID/images/COVID-926.png,COVID,COVID,0.9421563744544983,0.05637010931968689,0.0014640925219282508,9.336888069810811e-06,,,
/kaggle/input/datasets/tawsifurrahman/covid19-radiography-database/COVID-19_Radiography_Dataset/COVID/images/COVID-929.png,COVID,COVID,0.9999793767929077,1.9783932657446712e-05,6.33145532447088e-07,1.9865834133270255e-07,,0.4465492069721222,0.4465492069721222
/kaggle/input/datasets/tawsifurrahman/covid19-radiography-database/COVID-19_Radiography_Dataset/COVID/images/COVID-932.png,COVID,COVID,0.9992055296897888,0.0007924563833512366,8.149452810357616e-07,1.1739542742361664e-06,,0.29727503657341003,0.29727503657341003
/kaggle/input/datasets/tawsifurrahman/covid19-radiography-database/COVID-19_Radiography_Dataset/COVID/images/COVID-935.png,COVID,COVID,0.9999663829803467,3.237449345760979e-05,1.1795825685112504e-06,2.4749777338683998e-08,,,
/kaggle/input/datasets/tawsifurrahman/covid19-radiography-database/COVID-19_Radiography_Dataset/COVID/images/COVID-943.png,COVID,COVID,0.8024228811264038,0.017981555312871933,0.17959335446357727,2.2363383322954178e-06,,0.44078391790390015,0.44078391790390015
/kaggle/input/datasets/tawsifurrahman/covid19-radiography-database/COVID-19_Radiography_Dataset/COVID/images/COVID-955.png,COVID,COVID,0.9997319579124451,0.0002584207395557314,8.092983080132399e-06,1.515757389825012e-06,,0.36897486448287964,0.36897486448287964
/kaggle/input/datasets/tawsifurrahman/covid19-radiography-database/COVID-19_Radiography_Dataset/COVID/images/COVID-970.png,COVID,COVID,0.9943633079528809,0.005330669227987528,0.00021458917763084173,9.140885231317952e-05,,,
/kaggle/input/datasets/tawsifurrahman/covid19-radiography-database/COVID-19_Radiography_Dataset/COVID/images/COVID-972.png,COVID,COVID,0.9890212416648865,0.010701285675168037,0.0002770579303614795,4.535237962954852e-07,,,
/kaggle/input/datasets/tawsifurrahman/covid19-radiography-database/COVID-19_Radiography_Dataset/COVID/images/COVID-986.png,COVID,COVID,0.9839072227478027,0.01605420932173729,3.485930574242957e-05,3.7217384942778153e-06,,0.3659014403820038,0.3659014403820038
/kaggle/input/datasets/tawsifurrahman/covid19-radiography-database/COVID-19_Radiography_Dataset/Lung_Opacity/images/Lung_Opacity-1004.png,Lung_Opacity,Lung_Opacity,0.24520619213581085,0.6101142764091492,0.14458855986595154,9.092834807233885e-05,,,
/kaggle/input/datasets/tawsifurrahman/covid19-radiography-database/COVID-19_Radiography_Dataset/Lung_Opacity/images/Lung_Opacity-1036.png,Lung_Opacity,Lung_Opacity,2.299755760759581e-05,0.9863250851631165,0.013651024550199509,9.212068334818468e-07,,0.2548368275165558,0.2548368275165558
/kaggle/input/datasets/tawsifurrahman/covid19-radiography-database/COVID-19_Radiography_Dataset/Lung_Opacity/images/Lung_Opacity-1037.png,Lung_Opacity,Lung_Opacity,0.010056608356535435,0.812556803226471,0.17737731337547302,9.264377695217263e-06,,,
/kaggle/input/datasets/tawsifurrahman/covid19-radiography-database/COVID-19_Radiography_Dataset/Lung_Opacity/images/Lung_Opacity-1042.png,Lung_Opacity,Normal,0.0001984881964745,0.4194895923137665,0.5803118944168091,8.619972646783935e-08,,,
/kaggle/input/datasets/tawsifurrahman/covid19-radiography-database/COVID-19_Radiography_Dataset/Lung_Opacity/images/Lung_Opacity-1045.png,Lung_Opacity,Lung_Opacity,0.0017109934706240892,0.9764360785484314,0.02154512330889702,0.00030786002753302455,,,
/kaggle/input/datasets/tawsifurrahman/covid19-radiography-database/COVID-19_Radiography_Dataset/Lung_Opacity/images/Lung_Opacity-1059.png,Lung_Opacity,Lung_Opacity,0.00870569609105587,0.9061743021011353,0.07449916005134583,0.010620856657624245,,,
/kaggle/input/datasets/tawsifurrahman/covid19-radiography-database/COVID-19_Radiography_Dataset/Lung_Opacity/images/Lung_Opacity-1063.png,Lung_Opacity,Lung_Opacity,4.345418346929364e-06,0.996355414390564,0.003640166949480772,1.4560735905888578e-07,,,
/kaggle/input/datasets/tawsifurrahman/covid19-radiography-database/COVID-19_Radiography_Dataset/Lung_Opacity/images/Lung_Opacity-1066.png,Lung_Opacity,Lung_Opacity,0.00017134218069259077,0.9980348944664001,0.0014608224155381322,0.00033286106190644205,,,
/kaggle/input/datasets/tawsifurrahman/covid19-radiography-database/COVID-19_Radiography_Dataset/Lung_Opacity/images/Lung_Opacity-1079.png,Lung_Opacity,Lung_Opacity,0.00010994147305609658,0.948330819606781,0.051549576222896576,9.771204531716648e-06,,,
/kaggle/input/datasets/tawsifurrahman/covid19-radiography-database/COVID-19_Radiography_Dataset/Lung_Opacity/images/Lung_Opacity-1097.png,Lung_Opacity,Lung_Opacity,2.6575855372357182e-05,0.9997212290763855,0.00025184621335938573,3.254654359352571e-07,,,
/kaggle/input/datasets/tawsifurrahman/covid19-radiography-database/COVID-19_Radiography_Dataset/Lung_Opacity/images/Lung_Opacity-11.png,Lung_Opacity,Normal,0.014605361968278885,0.03314436599612236,0.9516134858131409,0.0006367874448187649,,,
/kaggle/input/datasets/tawsifurrahman/covid19-radiography-database/COVID-19_Radiography_Dataset/Lung_Opacity/images/Lung_Opacity-110.png,Lung_Opacity,Lung_Opacity,0.0008783522644080222,0.9886752367019653,0.010345172137022018,0.00010127880523214117,,,
/kaggle/input/datasets/tawsifurrahman/covid19-radiography-database/COVID-19_Radiography_Dataset/Lung_Opacity/images/Lung_Opacity-1112.png,Lung_Opacity,Lung_Opacity,0.0002535897365305573,0.7060607671737671,0.29368335008621216,2.293834313604748e-06,,,
/kaggle/input/datasets/tawsifurrahman/covid19-radiography-database/COVID-19_Radiography_Dataset/Lung_Opacity/images/Lung_Opacity-1120.png,Lung_Opacity,Normal,0.28670036792755127,0.2813071310520172,0.4319157004356384,7.674473454244435e-05,,,
/kaggle/input/datasets/tawsifurrahman/covid19-radiography-database/COVID-19_Radiography_Dataset/Lung_Opacity/images/Lung_Opacity-1126.png,Lung_Opacity,Lung_Opacity,0.0038570284377783537,0.9956210255622864,0.0005169693031348288,4.9535633479536045e-06,,,
/kaggle/input/datasets/tawsifurrahman/covid19-radiography-database/COVID-19_Radiography_Dataset/Lung_Opacity/images/Lung_Opacity-113.png,Lung_Opacity,Lung_Opacity,0.0014794509625062346,0.6293473839759827,0.3689614534378052,0.00021170006948523223,,0.18071213364601135,0.18071213364601135
/kaggle/input/datasets/tawsifurrahman/covid19-radiography-database/COVID-19_Radiography_Dataset/Lung_Opacity/images/Lung_Opacity-1130.png,Lung_Opacity,Lung_Opacity,0.0006194496527314186,0.8514924645423889,0.1478409320116043,4.7229983465513214e-05,,0.06595775485038757,0.06595775485038757
/kaggle/input/datasets/tawsifurrahman/covid19-radiography-database/COVID-19_Radiography_Dataset/Lung_Opacity/images/Lung_Opacity-1138.png,Lung_Opacity,Lung_Opacity,0.0024333051405847073,0.9974105954170227,0.00015294509648811072,3.2468051358591765e-06,,0.23795953392982483,0.23795953392982483
/kaggle/input/datasets/tawsifurrahman/covid19-radiography-database/COVID-19_Radiography_Dataset/Lung_Opacity/images/Lung_Opacity-1142.png,Lung_Opacity,Lung_Opacity,0.0016648415476083755,0.8710926175117493,0.12707474827766418,0.0001678264670772478,,,
/kaggle/input/datasets/tawsifurrahman/covid19-radiography-database/COVID-19_Radiography_Dataset/Lung_Opacity/images/Lung_Opacity-1147.png,Lung_Opacity,Lung_Opacity,0.00011144760355819017,0.9965264201164246,0.0033617166336625814,3.9676555729784013e-07,,,
/kaggle/input/datasets/tawsifurrahman/covid19-radiography-database/COVID-19_Radiography_Dataset/Lung_Opacity/images/Lung_Opacity-1155.png,Lung_Opacity,Lung_Opacity,0.009708338417112827,0.889244019985199,0.1010456383228302,2.011219294217881e-06,,0.30839574337005615,0.30839574337005615
/kaggle/input/datasets/tawsifurrahman/covid19-radiography-database/COVID-19_Radiography_Dataset/Lung_Opacity/images/Lung_Opacity-1163.png,Lung_Opacity,Lung_Opacity,7.06387945683673e-05,0.9770640730857849,0.022863617166876793,1.6788083030405687e-06,,0.18348176777362823,0.18348176777362823
/kaggle/input/datasets/tawsifurrahman/covid19-radiography-database/COVID-19_Radiography_Dataset/Lung_Opacity/images/Lung_Opacity-1172.png,Lung_Opacity,Lung_Opacity,0.03232851251959801,0.9395753741264343,0.028062593191862106,3.3504209568491206e-05,,,
/kaggle/input/datasets/tawsifurrahman/covid19-radiography-database/COVID-19_Radiography_Dataset/Lung_Opacity/images/Lung_Opacity-118.png,Lung_Opacity,Lung_Opacity,0.0008759708725847304,0.9975298047065735,0.0015656473115086555,2.866842260118574e-05,,0.2295309454202652,0.2295309454202652
/kaggle/input/datasets/tawsifurrahman/covid19-radiography-database/COVID-19_Radiography_Dataset/Lung_Opacity/images/Lung_Opacity-1182.png,Lung_Opacity,Lung_Opacity,0.023218272253870964,0.9719886183738708,0.0045722718350589275,0.00022089436242822558,,,
/kaggle/input/datasets/tawsifurrahman/covid19-radiography-database/COVID-19_Radiography_Dataset/Lung_Opacity/images/Lung_Opacity-1183.png,Lung_Opacity,Lung_Opacity,0.027006573975086212,0.5633684992790222,0.4090351462364197,0.000589737668633461,,,
/kaggle/input/datasets/tawsifurrahman/covid19-radiography-database/COVID-19_Radiography_Dataset/Lung_Opacity/images/Lung_Opacity-1184.png,Lung_Opacity,Lung_Opacity,0.00010489903797861189,0.9927011728286743,0.007189635653048754,4.218184130877489e-06,,0.17073942720890045,0.17073942720890045
/kaggle/input/datasets/tawsifurrahman/covid19-radiography-database/COVID-19_Radiography_Dataset/Lung_Opacity/images/Lung_Opacity-1207.png,Lung_Opacity,Lung_Opacity,0.0025956567842513323,0.9096405506134033,0.08774718642234802,1.654843072174117e-05,,,
/kaggle/input/datasets/tawsifurrahman/covid19-radiography-database/COVID-19_Radiography_Dataset/Lung_Opacity/images/Lung_Opacity-1212.png,Lung_Opacity,Normal,0.01809743233025074,0.3847402334213257,0.5971532464027405,9.05721026356332e-06,,,
/kaggle/input/datasets/tawsifurrahman/covid19-radiography-database/COVID-19_Radiography_Dataset/Lung_Opacity/images/Lung_Opacity-1214.png,Lung_Opacity,Normal,0.002290860516950488,0.17317695915699005,0.824530839920044,1.2626881016331026e-06,,0.2424023598432541,0.2424023598432541
/kaggle/input/datasets/tawsifurrahman/covid19-radiography-database/COVID-19_Radiography_Dataset/Lung_Opacity/images/Lung_Opacity-1218.png,Lung_Opacity,Lung_Opacity,0.002461559372022748,0.9492714405059814,0.0481903962790966,7.665822340641171e-05,,,
/kaggle/input/datasets/tawsifurrahman/covid19-radiography-database/COVID-19_Radiography_Dataset/Lung_Opacity/images/Lung_Opacity-1222.png,Lung_Opacity,Lung_Opacity,0.0001406227092957124,0.9997047781944275,0.0001543447287986055,2.4448752355965553e-07,,0.3306390643119812,0.3306390643119812
/kaggle/input/datasets/tawsifurrahman/covid19-radiography-database/COVID-19_Radiography_Dataset/Lung_Opacity/images/Lung_Opacity-1223.png,Lung_Opacity,Lung_Opacity,3.750294490600936e-05,0.9875275492668152,0.01243404857814312,9.142277122009546e-07,,0.24670054018497467,0.24670054018497467
/kaggle/input/datasets/tawsifurrahman/covid19-radiography-database/COVID-19_Radiography_Dataset/Lung_Opacity/images/Lung_Opacity-1226.png,Lung_Opacity,Lung_Opacity,0.001335009466856718,0.9896653294563293,0.008999534882605076,6.94724775485156e-08,,,
/kaggle/input/datasets/tawsifurrahman/covid19-radiography-database/COVID-19_Radiography_Dataset/Lung_Opacity/images/Lung_Opacity-1240.png,Lung_Opacity,Lung_Opacity,0.0004270946665201336,0.7467957735061646,0.25271761417388916,5.957222674624063e-05,,,
/kaggle/input/datasets/tawsifurrahman/covid19-radiography-database/COVID-19_Radiography_Dataset/Lung_Opacity/images/Lung_Opacity-1241.png,Lung_Opacity,Lung_Opacity,0.0002887763548642397,0.993436872959137,0.006268007680773735,6.294847480603494e-06,,,
/kaggle/input/datasets/tawsifurrahman/covid19-radiography-database/COVID-19_Radiography_Dataset/Lung_Opacity/images/Lung_Opacity-1242.png,Lung_Opacity,Lung_Opacity,0.0027473322115838528,0.9966666102409363,0.0005451655015349388,4.087612614966929e-05,,,
/kaggle/input/datasets/tawsifurrahman/covid19-radiography-database/COVID-19_Radiography_Dataset/Lung_Opacity/images/Lung_Opacity-1247.png,Lung_Opacity,Lung_Opacity,0.0001094204853870906,0.9976730942726135,0.0022173195611685514,6.104811234308727e-08,,,
/kaggle/input/datasets/tawsifurrahman/covid19-radiography-database/COVID-19_Radiography_Dataset/Lung_Opacity/images/Lung_Opacity-1249.png,Lung_Opacity,Lung_Opacity,0.00026324400096200407,0.5848564505577087,0.41487932205200195,9.69033976616629e-07,,,
/kaggle/input/datasets/tawsifurrahman/covid19-radiography-database/COVID-19_Radiography_Dataset/Lung_Opacity/images/Lung_Opacity-1253.png,Lung_Opacity,Lung_Opacity,0.05994739755988121,0.928200900554657,0.011850784532725811,9.372926115247537e-07,,,
/kaggle/input/datasets/tawsifurrahman/covid19-radiography-database/COVID-19_Radiography_Dataset/Lung_Opacity/images/Lung_Opacity-1254.png,Lung_Opacity,Lung_Opacity,0.007538404781371355,0.8899483680725098,0.10249782353639603,1.536314084660262e-05,,,
/kaggle/input/datasets/tawsifurrahman/covid19-radiography-database/COVID-19_Radiography_Dataset/Lung_Opacity/images/Lung_Opacity-1257.png,Lung_Opacity,Lung_Opacity,0.024121591821312904,0.9752631783485413,0.0006136546726338565,1.6109113403217634e-06,,,
/kaggle/input/datasets/tawsifurrahman/covid19-radiography-database/COVID-19_Radiography_Dataset/Lung_Opacity/images/Lung_Opacity-1273.png,Lung_Opacity,Lung_Opacity,0.013658122159540653,0.9154351949691772,0.07088964432477951,1.7069427485694177e-05,,,
/kaggle/input/datasets/tawsifurrahman/covid19-radiography-database/COVID-19_Radiography_Dataset/Lung_Opacity/images/Lung_Opacity-1277.png,Lung_Opacity,Lung_Opacity,0.009578603319823742,0.9584172964096069,0.031980179250240326,2.389997462159954e-05,,0.2320174127817154,0.2320174127817154
/kaggle/input/datasets/tawsifurrahman/covid19-radiography-database/COVID-19_Radiography_Dataset/Lung_Opacity/images/Lung_Opacity-1281.png,Lung_Opacity,Lung_Opacity,0.002778031164780259,0.9962611794471741,0.0009190684068016708,4.165742939221673e-05,,0.40549561381340027,0.40549561381340027
/kaggle/input/datasets/tawsifurrahman/covid19-radiography-database/COVID-19_Radiography_Dataset/Lung_Opacity/images/Lung_Opacity-1300.png,Lung_Opacity,Lung_Opacity,0.00042195164132863283,0.9968336224555969,0.002744120080024004,3.6728184227285965e-07,,,
/kaggle/input/datasets/tawsifurrahman/covid19-radiography-database/COVID-19_Radiography_Dataset/Lung_Opacity/images/Lung_Opacity-1305.png,Lung_Opacity,Lung_Opacity,0.017295852303504944,0.8361324071884155,0.1465500444173813,2.172955464629922e-05,,,
/kaggle/input/datasets/tawsifurrahman/covid19-radiography-database/COVID-19_Radiography_Dataset/Lung_Opacity/images/Lung_Opacity-133.png,Lung_Opacity,Lung_Opacity,5.108216282678768e-05,0.9963617920875549,0.0035833597648888826,3.741663931577932e-06,,,
/kaggle/input/datasets/tawsifurrahman/covid19-radiography-database/COVID-19_Radiography_Dataset/Lung_Opacity/images/Lung_Opacity-1331.png,Lung_Opacity,Lung_Opacity,0.32770511507987976,0.4706917405128479,0.19884908199310303,0.0027539697475731373,,0.3805559277534485,0.3805559277534485
/kaggle/input/datasets/tawsifurrahman/covid19-radiography-database/COVID-19_Radiography_Dataset/Lung_Opacity/images/Lung_Opacity-1346.png,Lung_Opacity,Lung_Opacity,0.0002391696471022442,0.9980617165565491,0.0016980256186798215,1.031198962664348e-06,,0.251429945230484,0.251429945230484
/kaggle/input/datasets/tawsifurrahman/covid19-radiography-database/COVID-19_Radiography_Dataset/Lung_Opacity/images/Lung_Opacity-1349.png,Lung_Opacity,Lung_Opacity,0.06048743426799774,0.6624284982681274,0.27093037962913513,0.0061536324210464954,,,
/kaggle/input/datasets/tawsifurrahman/covid19-radiography-database/COVID-19_Radiography_Dataset/Lung_Opacity/images/Lung_Opacity-1355.png,Lung_Opacity,Lung_Opacity,0.004631366115063429,0.8500459790229797,0.14519493281841278,0.00012781002442352474,,0.1958797723054886,0.1958797723054886
/kaggle/input/datasets/tawsifurrahman/covid19-radiography-database/COVID-19_Radiography_Dataset/Lung_Opacity/images/Lung_Opacity-1364.png,Lung_Opacity,Lung_Opacity,0.001737972255796194,0.9831594228744507,0.014224648475646973,0.0008780044154264033,,,
/kaggle/input/datasets/tawsifurrahman/covid19-radiography-database/COVID-19_Radiography_Dataset/Lung_Opacity/images/Lung_Opacity-1379.png,Lung_Opacity,Lung_Opacity,0.00010448846296640113,0.8918284773826599,0.10806205868721008,4.981392066838453e-06,,,
/kaggle/input/datasets/tawsifurrahman/covid19-radiography-database/COVID-19_Radiography_Dataset/Lung_Opacity/images/Lung_Opacity-1386.png,Lung_Opacity,Lung_Opacity,0.00027232416323386133,0.9997174143791199,9.78984735411359e-06,4.523378720477922e-07,,,
/kaggle/input/datasets/tawsifurrahman/covid19-radiography-database/COVID-19_Radiography_Dataset/Lung_Opacity/images/Lung_Opacity-140.png,Lung_Opacity,Lung_Opacity,0.0005037379451096058,0.9318811893463135,0.0676150992512703,5.1021224578562396e-08,,,
/kaggle/input/datasets/tawsifurrahman/covid19-radiography-database/COVID-19_Radiography_Dataset/Lung_Opacity/images/Lung_Opacity-1401.png,Lung_Opacity,Lung_Opacity,8.524937584297732e-05,0.9373007416725159,0.06260351836681366,1.047370460582897e-05,,0.13589181005954742,0.13589181005954742
/kaggle/input/datasets/tawsifurrahman/covid19-radiography-database/COVID-19_Radiography_Dataset/Lung_Opacity/images/Lung_Opacity-1404.png,Lung_Opacity,Lung_Opacity,0.007685058284550905,0.8972790241241455,0.0949641689658165,7.174412166932598e-05,,,
/kaggle/input/datasets/tawsifurrahman/covid19-radiography-database/COVID-19_Radiography_Dataset/Lung_Opacity/images/Lung_Opacity-1412.png,Lung_Opacity,Lung_Opacity,0.0006441064761020243,0.9989645481109619,0.00038854111335240304,2.807185182973626e-06,,0.27536940574645996,0.27536940574645996
/kaggle/input/datasets/tawsifurrahman/covid19-radiography-database/COVID-19_Radiography_Dataset/Lung_Opacity/images/Lung_Opacity-1434.png,Lung_Opacity,Lung_Opacity,0.0008185564656741917,0.9791538715362549,0.02002411149442196,3.4931567824969534e-06,,,
/kaggle/input/datasets/tawsifurrahman/covid19-radiography-database/COVID-19_Radiography_Dataset/Lung_Opacity/images/Lung_Opacity-1439.png,Lung_Opacity,Lung_Opacity,1.9124931895930786e-06,0.9986886382102966,0.0013093079905956984,1.3643938245877507e-07,,,
/kaggle/input/datasets/tawsifurrahman/covid19-radiography-database/COVID-19_Radiography_Dataset/Lung_Opacity/images/Lung_Opacity-144.png,Lung_Opacity,Lung_Opacity,0.07208184152841568,0.9253236651420593,0.002519437577575445,7.500204810639843e-05,,,
/kaggle/input/datasets/tawsifurrahman/covid19-radiography-database/COVID-19_Radiography_Dataset/Lung_Opacity/images/Lung_Opacity-1441.png,Lung_Opacity,Lung_Opacity,2.134647957063862e-06,0.9980946183204651,0.0019031264819204807,1.1608064909296445e-07,,,
/kaggle/input/datasets/tawsifurrahman/covid19-radiography-database/COVID-19_Radiography_Dataset/Lung_Opacity/images/Lung_Opacity-1442.png,Lung_Opacity,Lung_Opacity,0.0015505657065659761,0.9964974522590637,0.0019387848442420363,1.3190086974645965e-05,,0.2420465499162674,0.2420465499162674
/kaggle/input/datasets/tawsifurrahman/covid19-radiography-database/COVID-19_Radiography_Dataset/Lung_Opacity/images/Lung_Opacity-1446.png,Lung_Opacity,Lung_Opacity,3.154053774778731e-05,0.9997443556785583,0.0002068614267045632,1.7276062862947583e-05,,,
/kaggle/input/datasets/tawsifurrahman/covid19-radiography-database/COVID-19_Radiography_Dataset/Lung_Opacity/images/Lung_Opacity-1447.png,Lung_Opacity,Lung_Opacity,0.0264152679592371,0.9630312323570251,0.010547008365392685,6.461246812250465e-06,,0.1695857048034668,0.1695857048034668
/kaggle/input/datasets/tawsifurrahman/covid19-radiography-database/COVID-19_Radiography_Dataset/Lung_Opacity/images/Lung_Opacity-1461.png,Lung_Opacity,Normal,0.007550700567662716,0.4081484377384186,0.5842864513397217,1.437477385479724e-05,,,
/kaggle/input/datasets/tawsifurrahman/covid19-radiography-database/COVID-19_Radiography_Dataset/Lung_Opacity/images/Lung_Opacity-1464.png,Lung_Opacity,Lung_Opacity,0.0898653119802475,0.5568113327026367,0.3533177375793457,5.6403196140308864e-06,,0.16981814801692963,0.16981814801692963
/kaggle/input/datasets/tawsifurrahman/covid19-radiography-database/COVID-19_Radiography_Dataset/Lung_Opacity/images/Lung_Opacity-1466.png,Lung_Opacity,Lung_Opacity,2.12285067391349e-06,0.9701108932495117,0.029875976964831352,1.0933737939922139e-05,,,
/kaggle/input/datasets/tawsifurrahman/covid19-radiography-database/COVID-19_Radiography_Dataset/Lung_Opacity/images/Lung_Opacity-1467.png,Lung_Opacity,Lung_Opacity,0.0012750772293657064,0.9986777901649475,4.4515476474771276e-05,2.6295322186342673e-06,,,
/kaggle/input/datasets/tawsifurrahman/covid19-radiography-database/COVID-19_Radiography_Dataset/Lung_Opacity/images/Lung_Opacity-1469.png,Lung_Opacity,Lung_Opacity,0.00409345468506217,0.5955609083175659,0.40027880668640137,6.683840183541179e-05,,0.28171011805534363,0.28171011805534363
/kaggle/input/datasets/tawsifurrahman/covid19-radiography-database/COVID-19_Radiography_Dataset/Lung_Opacity/images/Lung_Opacity-1513.png,Lung_Opacity,Lung_Opacity,0.00036214140709489584,0.9976818561553955,0.00195345189422369,2.5087672383961035e-06,,,
/kaggle/input/datasets/tawsifurrahman/covid19-radiography-database/COVID-19_Radiography_Dataset/Lung_Opacity/images/Lung_Opacity-1520.png,Lung_Opacity,Lung_Opacity,0.00012398727994877845,0.6450079083442688,0.3548671305179596,9.641249789638096e-07,,,
/kaggle/input/datasets/tawsifurrahman/covid19-radiography-database/COVID-19_Radiography_Dataset/Lung_Opacity/images/Lung_Opacity-1523.png,Lung_Opacity,Lung_Opacity,0.0008725406369194388,0.989702582359314,0.009385263547301292,3.960695903515443e-05,,,
/kaggle/input/datasets/tawsifurrahman/covid19-radiography-database/COVID-19_Radiography_Dataset/Lung_Opacity/images/Lung_Opacity-1524.png,Lung_Opacity,Lung_Opacity,0.043873414397239685,0.9022831916809082,0.05378043279051781,6.296260835370049e-05,,,
/kaggle/input/datasets/tawsifurrahman/covid19-radiography-database/COVID-19_Radiography_Dataset/Lung_Opacity/images/Lung_Opacity-1529.png,Lung_Opacity,Lung_Opacity,0.0003782031708396971,0.9416085481643677,0.05801275372505188,4.205374182220112e-07,,,
/kaggle/input/datasets/tawsifurrahman/covid19-radiography-database/COVID-19_Radiography_Dataset/Lung_Opacity/images/Lung_Opacity-1535.png,Lung_Opacity,Normal,0.036493510007858276,0.338214248418808,0.6164852976799011,0.008806871250271797,,0.3779295086860657,0.3779295086860657
/kaggle/input/datasets/tawsifurrahman/covid19-radiography-database/COVID-19_Radiography_Dataset/Lung_Opacity/images/Lung_Opacity-1540.png,Lung_Opacity,Normal,0.00018966906645800918,0.46155068278312683,0.5382437705993652,1.5815330698387697e-05,,,
/kaggle/input/datasets/tawsifurrahman/covid19-radiography-database/COVID-19_Radiography_Dataset/Lung_Opacity/images/Lung_Opacity-1552.png,Lung_Opacity,Lung_Opacity,0.000595858960878104,0.9970346689224243,0.0023691223468631506,3.244397532853327e-07,,0.2659659683704376,0.2659659683704376
/kaggle/input/datasets/tawsifurrahman/covid19-radiography-database/COVID-19_Radiography_Dataset/Lung_Opacity/images/Lung_Opacity-1556.png,Lung_Opacity,Lung_Opacity,2.9738855573668843e-06,0.9997616410255432,0.00023541935661341995,3.847462437533977e-08,,,
/kaggle/input/datasets/tawsifurrahman/covid19-radiography-database/COVID-19_Radiography_Dataset/Lung_Opacity/images/Lung_Opacity-157.png,Lung_Opacity,Lung_Opacity,0.037066131830215454,0.9482249021530151,0.014703982509672642,4.924580025544856e-06,,,
/kaggle/input/datasets/tawsifurrahman/covid19-radiography-database/COVID-19_Radiography_Dataset/Lung_Opacity/images/Lung_Opacity-1571.png,Lung_Opacity,Lung_Opacity,0.00019473975407890975,0.9992884397506714,0.0005166560295037925,6.502545346620536e-08,,0.2948628067970276,0.2948628067970276
/kaggle/input/datasets/tawsifurrahman/covid19-radiography-database/COVID-19_Radiography_Dataset/Lung_Opacity/images/Lung_Opacity-1579.png,Lung_Opacity,Viral Pneumonia,0.008754179812967777,0.08149487525224686,0.2369648963212967,0.6727860569953918,,,
/kaggle/input/datasets/tawsifurrahman/covid19-radiography-database/COVID-19_Radiography_Dataset/Lung_Opacity/images/Lung_Opacity-1583.png,Lung_Opacity,Lung_Opacity,0.004681660793721676,0.9771015048027039,0.018209703266620636,7.079165243339958e-06,,,
/kaggle/input/datasets/tawsifurrahman/covid19-radiography-database/COVID-19_Radiography_Dataset/Lung_Opacity/images/Lung_Opacity-1584.png,Lung_Opacity,Lung_Opacity,3.330266190459952e-05,0.664002537727356,0.33588457107543945,7.963288226164877e-05,,,
/kaggle/input/datasets/tawsifurrahman/covid19-radiography-database/COVID-19_Radiography_Dataset/Lung_Opacity/images/Lung_Opacity-159.png,Lung_Opacity,Normal,0.006670798175036907,0.02014409564435482,0.9731693863868713,1.5636151147191413e-05,,,
/kaggle/input/datasets/tawsifurrahman/covid19-radiography-database/COVID-19_Radiography_Dataset/Lung_Opacity/images/Lung_Opacity-1591.png,Lung_Opacity,Lung_Opacity,0.0006837766850367188,0.7279442548751831,0.2713703513145447,1.658295559536782e-06,,0.16708548367023468,0.16708548367023468
/kaggle/input/datasets/tawsifurrahman/covid19-radiography-database/COVID-19_Radiography_Dataset/Lung_Opacity/images/Lung_Opacity-1599.png,Lung_Opacity,Lung_Opacity,8.137430086208042e-06,0.9972495436668396,0.0027423526626080275,5.9425482312747135e-09,,0.18954716622829437,0.18954716622829437
/kaggle/input/datasets/tawsifurrahman/covid19-radiography-database/COVID-19_Radiography_Dataset/Lung_Opacity/images/Lung_Opacity-16.png,Lung_Opacity,Lung_Opacity,0.04371941462159157,0.8803297877311707,0.07388802617788315,0.0020627242047339678,,,
/kaggle/input/datasets/tawsifurrahman/covid19-radiography-database/COVID-19_Radiography_Dataset/Lung_Opacity/images/Lung_Opacity-1605.png,Lung_Opacity,Lung_Opacity,0.00186147668864578,0.9848780035972595,0.004386196844279766,0.008874267339706421,,,
/kaggle/input/datasets/tawsifurrahman/covid19-radiography-database/COVID-19_Radiography_Dataset/Lung_Opacity/images/Lung_Opacity-161.png,Lung_Opacity,Lung_Opacity,3.8355567085091025e-05,0.909491240978241,0.09045740962028503,1.3007219422433991e-05,,,
/kaggle/input/datasets/tawsifurrahman/covid19-radiography-database/COVID-19_Radiography_Dataset/Lung_Opacity/images/Lung_Opacity-1619.png,Lung_Opacity,Normal,0.05223724991083145,0.39731621742248535,0.5504052042961121,4.1271705413237214e-05,,,
/kaggle/input/datasets/tawsifurrahman/covid19-radiography-database/COVID-19_Radiography_Dataset/Lung_Opacity/images/Lung_Opacity-1621.png,Lung_Opacity,Normal,0.000974901719018817,0.2555293142795563,0.7381672859191895,0.005328483879566193,,,
/kaggle/input/datasets/tawsifurrahman/covid19-radiography-database/COVID-19_Radiography_Dataset/Lung_Opacity/images/Lung_Opacity-1628.png,Lung_Opacity,Lung_Opacity,0.0024249618873000145,0.8440625667572021,0.15075169503688812,0.0027607614174485207,,,
/kaggle/input/datasets/tawsifurrahman/covid19-radiography-database/COVID-19_Radiography_Dataset/Lung_Opacity/images/Lung_Opacity-1637.png,Lung_Opacity,COVID,0.610992431640625,0.2908015549182892,0.09816009551286697,4.590112075675279e-05,,,
/kaggle/input/datasets/tawsifurrahman/covid19-radiography-database/COVID-19_Radiography_Dataset/Lung_Opacity/images/Lung_Opacity-1647.png,Lung_Opacity,Lung_Opacity,3.402319919132424e-07,0.9770348072052002,0.02296469174325466,6.737135294088148e-08,,,
/kaggle/input/datasets/tawsifurrahman/covid19-radiography-database/COVID-19_Radiography_Dataset/Lung_Opacity/images/Lung_Opacity-1648.png,Lung_Opacity,Lung_Opacity,0.020510196685791016,0.9788370132446289,0.0006520223105326295,6.768440243831719e-07,,,
/kaggle/input/datasets/tawsifurrahman/covid19-radiography-database/COVID-19_Radiography_Dataset/Lung_Opacity/images/Lung_Opacity-1651.png,Lung_Opacity,Lung_Opacity,4.217211426293943e-06,0.9997460246086121,0.00024971310631372035,9.287390412282548e-09,,,
/kaggle/input/datasets/tawsifurrahman/covid19-radiography-database/COVID-19_Radiography_Dataset/Lung_Opacity/images/Lung_Opacity-1664.png,Lung_Opacity,Lung_Opacity,3.222142765935132e-07,0.997128427028656,0.0028675587382167578,3.68404630535224e-06,,,
/kaggle/input/datasets/tawsifurrahman/covid19-radiography-database/COVID-19_Radiography_Dataset/Lung_Opacity/images/Lung_Opacity-1685.png,Lung_Opacity,Lung_Opacity,8.063661880441941e-06,0.9996252059936523,0.0002495225053280592,0.00011717759480234236,,0.3370901644229889,0.3370901644229889
/kaggle/input/datasets/tawsifurrahman/covid19-radiography-database/COVID-19_Radiography_Dataset/Lung_Opacity/images/Lung_Opacity-1698.png,Lung_Opacity,Lung_Opacity,4.936695040669292e-05,0.9642636775970459,0.03568163514137268,5.317828254192136e-06,,,
/kaggle/input/datasets/tawsifurrahman/covid19-radiography-database/COVID-19_Radiography_Dataset/Lung_Opacity/images/Lung_Opacity-17.png,Lung_Opacity,Lung_Opacity,5.463674824568443e-05,0.9951083064079285,0.004836434032768011,5.491637011800776e-07,,0.21842974424362183,0.21842974424362183
/kaggle/input/datasets/tawsifurrahman/covid19-radiography-database/COVID-19_Radiography_Dataset/Lung_Opacity/images/Lung_Opacity-1720.png,Lung_Opacity,Lung_Opacity,3.832119546132162e-05,0.9996229410171509,0.000338747602654621,8.694393816011114e-11,,,
/kaggle/input/datasets/tawsifurrahman/covid19-radiography-database/COVID-19_Radiography_Dataset/Lung_Opacity/images/Lung_Opacity-1721.png,Lung_Opacity,COVID,0.9149425029754639,0.08435173332691193,0.000701034558005631,4.811235612578457e-06,,,
/kaggle/input/datasets/tawsifurrahman/covid19-radiography-database/COVID-19_Radiography_Dataset/Lung_Opacity/images/Lung_Opacity-1726.png,Lung_Opacity,Lung_Opacity,0.00037861886085011065,0.9436279535293579,0.055978354066610336,1.5035583601274993e-05,,,
/kaggle/input/datasets/tawsifurrahman/covid19-radiography-database/COVID-19_Radiography_Dataset/Lung_Opacity/images/Lung_Opacity-1733.png,Lung_Opacity,Lung_Opacity,0.0008934751385822892,0.9635646939277649,0.03552496060729027,1.6843476259964518e-05,,,
/kaggle/input/datasets/tawsifurrahman/covid19-radiography-database/COVID-19_Radiography_Dataset/Lung_Opacity/images/Lung_Opacity-1734.png,Lung_Opacity,Lung_Opacity,7.386751804006053e-06,0.9896278381347656,0.010364066809415817,7.238951980070851e-07,,,
/kaggle/input/datasets/tawsifurrahman/covid19-radiography-database/COVID-19_Radiography_Dataset/Lung_Opacity/images/Lung_Opacity-1739.png,Lung_Opacity,Lung_Opacity,0.051060520112514496,0.9476858377456665,0.0011590737849473953,9.455496910959482e-05,,0.3587721586227417,0.3587721586227417
/kaggle/input/datasets/tawsifurrahman/covid19-radiography-database/COVID-19_Radiography_Dataset/Lung_Opacity/images/Lung_Opacity-1742.png,Lung_Opacity,Lung_Opacity,2.2568350686924532e-05,0.9956978559494019,0.004279358312487602,2.3934902060318564e-07,,,
/kaggle/input/datasets/tawsifurrahman/covid19-radiography-database/COVID-19_Radiography_Dataset/Lung_Opacity/images/Lung_Opacity-1745.png,Lung_Opacity,Lung_Opacity,7.61126955239888e-07,0.9959579110145569,0.0040175956673920155,2.376490374444984e-05,,,
/kaggle/input/datasets/tawsifurrahman/covid19-radiography-database/COVID-19_Radiography_Dataset/Lung_Opacity/images/Lung_Opacity-1755.png,Lung_Opacity,COVID,0.7102860808372498,0.2889805734157562,0.0007128106663003564,2.0607494661817327e-05,,,
/kaggle/input/datasets/tawsifurrahman/covid19-radiography-database/COVID-19_Radiography_Dataset/Lung_Opacity/images/Lung_Opacity-1781.png,Lung_Opacity,Lung_Opacity,0.00017279561143368483,0.6839158535003662,0.3158852159976959,2.6162808353547007e-05,,0.16457609832286835,0.16457609832286835
/kaggle/input/datasets/tawsifurrahman/covid19-radiography-database/COVID-19_Radiography_Dataset/Lung_Opacity/images/Lung_Opacity-1782.png,Lung_Opacity,Lung_Opacity,0.003401803318411112,0.9585884809494019,0.03800955414772034,1.0858618537668008e-07,,,
/kaggle/input/datasets/tawsifurrahman/covid19-radiography-database/COVID-19_Radiography_Dataset/Lung_Opacity/images/Lung_Opacity-1785.png,Lung_Opacity,Lung_Opacity,0.0007875254959799349,0.9553582072257996,0.03948983922600746,0.004364389926195145,,0.08139882236719131,0.08139882236719131
/kaggle/input/datasets/tawsifurrahman/covid19-radiography-database/COVID-19_Radiography_Dataset/Lung_Opacity/images/Lung_Opacity-1795.png,Lung_Opacity,Normal,0.00012311221507843584,0.03926436975598335,0.9606102705001831,2.1957046101306332e-06,,,
/kaggle/input/datasets/tawsifurrahman/covid19-radiography-database/COVID-19_Radiography_Dataset/Lung_Opacity/images/Lung_Opacity-1798.png,Lung_Opacity,Lung_Opacity,3.3792432077461854e-05,0.9999208450317383,4.459213960217312e-05,7.006435680523282e-07,,0.37770530581474304,0.37770530581474304
/kaggle/input/datasets/tawsifurrahman/covid19-radiography-database/COVID-19_Radiography_Dataset/Lung_Opacity/images/Lung_Opacity-1799.png,Lung_Opacity,Lung_Opacity,2.493557644811517e-07,0.9982701539993286,0.001729605719447136,1.3792305963988838e-08,,,
/kaggle/input/datasets/tawsifurrahman/covid19-radiography-database/COVID-19_Radiography_Dataset/Lung_Opacity/images/Lung_Opacity-180.png,Lung_Opacity,Normal,0.22599738836288452,0.07712948322296143,0.6968546509742737,1.8455371900927275e-05,,,
/kaggle/input/datasets/tawsifurrahman/covid19-radiography-database/COVID-19_Radiography_Dataset/Lung_Opacity/images/Lung_Opacity-1800.png,Lung_Opacity,COVID,0.6128787398338318,0.3870537579059601,6.596633465960622e-05,1.5160488828769303e-06,,,
/kaggle/input/datasets/tawsifurrahman/covid19-radiography-database/COVID-19_Radiography_Dataset/Lung_Opacity/images/Lung_Opacity-1805.png,Lung_Opacity,Lung_Opacity,0.00010795732669066638,0.9997761845588684,0.00010322681919205934,1.261516626982484e-05,,0.3774997293949127,0.3774997293949127
/kaggle/input/datasets/tawsifurrahman/covid19-radiography-database/COVID-19_Radiography_Dataset/Lung_Opacity/images/Lung_Opacity-1806.png,Lung_Opacity,Lung_Opacity,0.039319634437561035,0.9109048843383789,0.03510528430342674,0.014670203439891338,,,
/kaggle/input/datasets/tawsifurrahman/covid19-radiography-database/COVID-19_Radiography_Dataset/Lung_Opacity/images/Lung_Opacity-1811.png,Lung_Opacity,Lung_Opacity,0.024455338716506958,0.9744918346405029,0.0009571058908477426,9.576651063980535e-05,,,
/kaggle/input/datasets/tawsifurrahman/covid19-radiography-database/COVID-19_Radiography_Dataset/Lung_Opacity/images/Lung_Opacity-182.png,Lung_Opacity,Lung_Opacity,5.5448845159844495e-06,0.9978029131889343,0.00219053216278553,9.755181054060813e-07,,,
/kaggle/input/datasets/tawsifurrahman/covid19-radiography-database/COVID-19_Radiography_Dataset/Lung_Opacity/images/Lung_Opacity-1822.png,Lung_Opacity,Lung_Opacity,0.13472679257392883,0.8467280268669128,0.01846955344080925,7.560306403320283e-05,,0.3501508831977844,0.3501508831977844
/kaggle/input/datasets/tawsifurrahman/covid19-radiography-database/COVID-19_Radiography_Dataset/Lung_Opacity/images/Lung_Opacity-1824.png,Lung_Opacity,Normal,0.0010415150318294764,0.022001095116138458,0.9769565463066101,8.743836019675655e-07,,,
/kaggle/input/datasets/tawsifurrahman/covid19-radiography-database/COVID-19_Radiography_Dataset/Lung_Opacity/images/Lung_Opacity-1826.png,Lung_Opacity,Lung_Opacity,0.0013439414324238896,0.8657553195953369,0.1327393651008606,0.00016142723325174302,,,
/kaggle/input/datasets/tawsifurrahman/covid19-radiography-database/COVID-19_Radiography_Dataset/Lung_Opacity/images/Lung_Opacity-1829.png,Lung_Opacity,Lung_Opacity,0.0005455997306853533,0.9663386344909668,0.03283540531992912,0.0002803870302159339,,,
/kaggle/input/datasets/tawsifurrahman/covid19-radiography-database/COVID-19_Radiography_Dataset/Lung_Opacity/images/Lung_Opacity-1831.png,Lung_Opacity,Lung_Opacity,0.00015295506455004215,0.819542407989502,0.180301234126091,3.4295464956812793e-06,,0.3344688415527344,0.3344688415527344
/kaggle/input/datasets/tawsifurrahman/covid19-radiography-database/COVID-19_Radiography_Dataset/Lung_Opacity/images/Lung_Opacity-1834.png,Lung_Opacity,Lung_Opacity,0.0003739565145224333,0.9934808015823364,0.006136399693787098,8.843343493936118e-06,,0.20219768583774567,0.20219768583774567
/kaggle/input/datasets/tawsifurrahman/covid19-radiography-database/COVID-19_Radiography_Dataset/Lung_Opacity/images/Lung_Opacity-1835.png,Lung_Opacity,COVID,0.5019150376319885,0.17401063442230225,0.30100125074386597,0.023073067888617516,,,
/kaggle/input/datasets/tawsifurrahman/covid19-radiography-database/COVID-19_Radiography_Dataset/Lung_Opacity/images/Lung_Opacity-1848.png,Lung_Opacity,Lung_Opacity,0.02673453651368618,0.7426925897598267,0.22990833222866058,0.0006645118119195104,,0.3834592401981354,0.3834592401981354
/kaggle/input/datasets/tawsifurrahman/covid19-radiography-database/COVID-19_Radiography_Dataset/Lung_Opacity/images/Lung_Opacity-1853.png,Lung_Opacity,Lung_Opacity,0.000713534071110189,0.9719549417495728,0.027330981567502022,5.121329422763665e-07,,,
/kaggle/input/datasets/tawsifurrahman/covid19-radiography-database/COVID-19_Radiography_Dataset/Lung_Opacity/images/Lung_Opacity-1858.png,Lung_Opacity,Lung_Opacity,2.3157430405262858e-05,0.9797776937484741,0.02019173838198185,7.303721758944448e-06,,,
/kaggle/input/datasets/tawsifurrahman/covid19-radiography-database/COVID-19_Radiography_Dataset/Lung_Opacity/images/Lung_Opacity-1864.png,Lung_Opacity,Lung_Opacity,2.2778627680963837e-05,0.9775394201278687,0.02216137759387493,0.0002764600212685764,,,
/kaggle/input/datasets/tawsifurrahman/covid19-radiography-database/COVID-19_Radiography_Dataset/Lung_Opacity/images/Lung_Opacity-1871.png,Lung_Opacity,Lung_Opacity,4.233341314829886e-06,0.999910831451416,8.494001667713746e-05,7.300643201091361e-09,,0.22251403331756592,0.22251403331756592
/kaggle/input/datasets/tawsifurrahman/covid19-radiography-database/COVID-19_Radiography_Dataset/Lung_Opacity/images/Lung_Opacity-1878.png,Lung_Opacity,Lung_Opacity,0.0002996410767082125,0.9474902749061584,0.052210137248039246,1.6796834145793582e-08,,,
/kaggle/input/datasets/tawsifurrahman/covid19-radiography-database/COVID-19_Radiography_Dataset/Lung_Opacity/images/Lung_Opacity-1879.png,Lung_Opacity,Lung_Opacity,1.1646865232251002e-06,0.9996040463447571,0.0003925284545402974,2.2112030819698703e-06,,,
/kaggle/input/datasets/tawsifurrahman/covid19-radiography-database/COVID-19_Radiography_Dataset/Lung_Opacity/images/Lung_Opacity-188.png,Lung_Opacity,Lung_Opacity,0.014433410950005054,0.983761727809906,0.0015081553719937801,0.0002967262698803097,,,
/kaggle/input/datasets/tawsifurrahman/covid19-radiography-database/COVID-19_Radiography_Dataset/Lung_Opacity/images/Lung_Opacity-1884.png,Lung_Opacity,Lung_Opacity,0.00638158293440938,0.9930598735809326,0.0005559513228945434,2.560549773988896e-06,,,
/kaggle/input/datasets/tawsifurrahman/covid19-radiography-database/COVID-19_Radiography_Dataset/Lung_Opacity/images/Lung_Opacity-1886.png,Lung_Opacity,Lung_Opacity,0.42802783846855164,0.5706103444099426,0.0013562486274167895,5.496270205185283e-06,,,
/kaggle/input/datasets/tawsifurrahman/covid19-radiography-database/COVID-19_Radiography_Dataset/Lung_Opacity/images/Lung_Opacity-1890.png,Lung_Opacity,Lung_Opacity,0.013382567092776299,0.822409987449646,0.1641450673341751,6.239427602849901e-05,,,
/kaggle/input/datasets/tawsifurrahman/covid19-radiography-database/COVID-19_Radiography_Dataset/Lung_Opacity/images/Lung_Opacity-1891.png,Lung_Opacity,Lung_Opacity,0.0003480506129562855,0.9977845549583435,0.0018640668131411076,3.3344083476549713e-06,,,
/kaggle/input/datasets/tawsifurrahman/covid19-radiography-database/COVID-19_Radiography_Dataset/Lung_Opacity/images/Lung_Opacity-1892.png,Lung_Opacity,Lung_Opacity,3.7453664845088497e-06,0.9916184544563293,0.008353513665497303,2.4399485482717864e-05,,,
/kaggle/input/datasets/tawsifurrahman/covid19-radiography-database/COVID-19_Radiography_Dataset/Lung_Opacity/images/Lung_Opacity-190.png,Lung_Opacity,Lung_Opacity,0.005041800905019045,0.9737377762794495,0.021219732239842415,6.53036181574862e-07,,,
/kaggle/input/datasets/tawsifurrahman/covid19-radiography-database/COVID-19_Radiography_Dataset/Lung_Opacity/images/Lung_Opacity-1913.png,Lung_Opacity,Lung_Opacity,0.00019051988783758134,0.8824144005775452,0.11715451627969742,0.00024059496354311705,,,
/kaggle/input/datasets/tawsifurrahman/covid19-radiography-database/COVID-19_Radiography_Dataset/Lung_Opacity/images/Lung_Opacity-1924.png,Lung_Opacity,Lung_Opacity,0.0032041294034570456,0.7690959572792053,0.2276228666305542,7.699449633946642e-05,,,
/kaggle/input/datasets/tawsifurrahman/covid19-radiography-database/COVID-19_Radiography_Dataset/Lung_Opacity/images/Lung_Opacity-1945.png,Lung_Opacity,Lung_Opacity,0.06583648920059204,0.5212956070899963,0.41271287202835083,0.00015505780174862593,,0.1466972827911377,0.1466972827911377
/kaggle/input/datasets/tawsifurrahman/covid19-radiography-database/COVID-19_Radiography_Dataset/Lung_Opacity/images/Lung_Opacity-1957.png,Lung_Opacity,Lung_Opacity,0.00014740560436621308,0.9327322840690613,0.06711625307798386,4.037297458125977e-06,,,
/kaggle/input/datasets/tawsifurrahman/covid19-radiography-database/COVID-19_Radiography_Dataset/Lung_Opacity/images/Lung_Opacity-196.png,Lung_Opacity,Lung_Opacity,0.027272744104266167,0.890091061592102,0.0822075828909874,0.00042854069033637643,,,
/kaggle/input/datasets/tawsifurrahman/covid19-radiography-database/COVID-19_Radiography_Dataset/Lung_Opacity/images/Lung_Opacity-1964.png,Lung_Opacity,Lung_Opacity,0.0005343646625988185,0.9950815439224243,0.004382003098726273,2.085984078803449e-06,,0.27461862564086914,0.27461862564086914
/kaggle/input/datasets/tawsifurrahman/covid19-radiography-database/COVID-19_Radiography_Dataset/Lung_Opacity/images/Lung_Opacity-1974.png,Lung_Opacity,Lung_Opacity,0.20081111788749695,0.7405456900596619,0.05858297646045685,6.0194219258846715e-05,,,
/kaggle/input/datasets/tawsifurrahman/covid19-radiography-database/COVID-19_Radiography_Dataset/Lung_Opacity/images/Lung_Opacity-1979.png,Lung_Opacity,Lung_Opacity,0.08400318771600723,0.8990746140480042,0.014903200790286064,0.0020189678762108088,,,
/kaggle/input/datasets/tawsifurrahman/covid19-radiography-database/COVID-19_Radiography_Dataset/Lung_Opacity/images/Lung_Opacity-1981.png,Lung_Opacity,Normal,0.00010914562153629959,0.4169692397117615,0.5826631784439087,0.00025844364427030087,,,
/kaggle/input/datasets/tawsifurrahman/covid19-radiography-database/COVID-19_Radiography_Dataset/Lung_Opacity/images/Lung_Opacity-1986.png,Lung_Opacity,Lung_Opacity,1.793366891433834e-06,0.9998083710670471,0.00018985316273756325,1.1856986503744338e-09,,,
/kaggle/input/datasets/tawsifurrahman/covid19-radiography-database/COVID-19_Radiography_Dataset/Lung_Opacity/images/Lung_Opacity-1989.png,Lung_Opacity,Lung_Opacity,0.00021437591931317002,0.9994919300079346,0.0002936751116067171,1.033424279484052e-08,,0.21441338956356049,0.21441338956356049
/kaggle/input/datasets/tawsifurrahman/covid19-radiography-database/COVID-19_Radiography_Dataset/Lung_Opacity/images/Lung_Opacity-1991.png,Lung_Opacity,Lung_Opacity,0.04139970615506172,0.9512120485305786,0.0073880162090063095,1.9930843109250418e-07,,0.22325043380260468,0.22325043380260468
/kaggle/input/datasets/tawsifurrahman/covid19-radiography-database/COVID-19_Radiography_Dataset/Lung_Opacity/images/Lung_Opacity-1994.png,Lung_Opacity,Lung_Opacity,0.10447812080383301,0.8747525215148926,0.020633600652217865,0.00013577236677519977,,,
/kaggle/input/datasets/tawsifurrahman/covid19-radiography-database/COVID-19_Radiography_Dataset/Lung_Opacity/images/Lung_Opacity-1995.png,Lung_Opacity,Normal,0.3948313891887665,0.15839818120002747,0.44586262106895447,0.0009077610448002815,,0.4052322208881378,0.4052322208881378
/kaggle/input/datasets/tawsifurrahman/covid19-radiography-database/COVID-19_Radiography_Dataset/Lung_Opacity/images/Lung_Opacity-2000.png,Lung_Opacity,Lung_Opacity,0.0005871145986020565,0.9837333559989929,0.01567942276597023,1.395091970834983e-07,,,
/kaggle/input/datasets/tawsifurrahman/covid19-radiography-database/COVID-19_Radiography_Dataset/Lung_Opacity/images/Lung_Opacity-2002.png,Lung_Opacity,Lung_Opacity,0.0001769339432939887,0.9101442098617554,0.08967424184083939,4.642701696866425e-06,,0.21634310483932495,0.21634310483932495
/kaggle/input/datasets/tawsifurrahman/covid19-radiography-database/COVID-19_Radiography_Dataset/Lung_Opacity/images/Lung_Opacity-201.png,Lung_Opacity,Lung_Opacity,0.010602050460875034,0.9893689751625061,2.861642133211717e-05,2.996653449827136e-07,,,
/kaggle/input/datasets/tawsifurrahman/covid19-radiography-database/COVID-19_Radiography_Dataset/Lung_Opacity/images/Lung_Opacity-2017.png,Lung_Opacity,Lung_Opacity,0.0332045741379261,0.965551495552063,0.0012264742981642485,1.745393092278391e-05,,0.15676189959049225,0.15676189959049225
/kaggle/input/datasets/tawsifurrahman/covid19-radiography-database/COVID-19_Radiography_Dataset/Lung_Opacity/images/Lung_Opacity-2019.png,Lung_Opacity,Lung_Opacity,0.011207723058760166,0.984210729598999,0.004580934531986713,5.514074814527703e-07,,,
/kaggle/input/datasets/tawsifurrahman/covid19-radiography-database/COVID-19_Radiography_Dataset/Lung_Opacity/images/Lung_Opacity-2025.png,Lung_Opacity,Lung_Opacity,0.00013845965440850705,0.9982705116271973,0.001590366242453456,6.091704563004896e-07,,0.24096938967704773,0.24096938967704773
/kaggle/input/datasets/tawsifurrahman/covid19-radiography-database/COVID-19_Radiography_Dataset/Lung_Opacity/images/Lung_Opacity-2034.png,Lung_Opacity,Lung_Opacity,9.931403474183753e-05,0.9802492260932922,0.01965143345296383,2.6866697311334065e-08,,,
/kaggle/input/datasets/tawsifurrahman/covid19-radiography-database/COVID-19_Radiography_Dataset/Lung_Opacity/images/Lung_Opacity-2079.png,Lung_Opacity,Lung_Opacity,9.042327292263508e-05,0.9617910385131836,0.03807893022894859,3.9609571103937924e-05,,,
/kaggle/input/datasets/tawsifurrahman/covid19-radiography-database/COVID-19_Radiography_Dataset/Lung_Opacity/images/Lung_Opacity-2093.png,Lung_Opacity,Lung_Opacity,2.612113894429058e-05,0.9935863614082336,0.0063790869899094105,8.407679160882253e-06,,,
/kaggle/input/datasets/tawsifurrahman/covid19-radiography-database/COVID-19_Radiography_Dataset/Lung_Opacity/images/Lung_Opacity-2104.png,Lung_Opacity,Lung_Opacity,0.0006832766812294722,0.9875447750091553,0.011771924793720245,1.0130751348924605e-08,,,
/kaggle/input/datasets/tawsifurrahman/covid19-radiography-database/COVID-19_Radiography_Dataset/Lung_Opacity/images/Lung_Opacity-2105.png,Lung_Opacity,Lung_Opacity,0.039587538689374924,0.4998437762260437,0.4604968726634979,7.177644147304818e-05,,0.38184449076652527,0.38184449076652527
/kaggle/input/datasets/tawsifurrahman/covid19-radiography-database/COVID-19_Radiography_Dataset/Lung_Opacity/images/Lung_Opacity-2107.png,Lung_Opacity,Lung_Opacity,0.00028457181178964674,0.998137354850769,0.0015762236434966326,1.7943250441021519e-06,,,
/kaggle/input/datasets/tawsifurrahman/covid19-radiography-database/COVID-19_Radiography_Dataset/Lung_Opacity/images/Lung_Opacity-2109.png,Lung_Opacity,Lung_Opacity,0.01524173840880394,0.9845913648605347,0.00013598494115285575,3.0937662813812494e-05,,,
/kaggle/input/datasets/tawsifurrahman/covid19-radiography-database/COVID-19_Radiography_Dataset/Lung_Opacity/images/Lung_Opacity-2130.png,Lung_Opacity,Lung_Opacity,2.5153805836453103e-05,0.9992473125457764,0.0007273874361999333,1.2626121304037952e-07,,,
/kaggle/input/datasets/tawsifurrahman/covid19-radiography-database/COVID-19_Radiography_Dataset/Lung_Opacity/images/Lung_Opacity-2132.png,Lung_Opacity,Lung_Opacity,0.0010108751012012362,0.9707914590835571,0.028194675222039223,3.0613844046456506e-06,,,
/kaggle/input/datasets/tawsifurrahman/covid19-radiography-database/COVID-19_Radiography_Dataset/Lung_Opacity/images/Lung_Opacity-2134.png,Lung_Opacity,Lung_Opacity,1.0184850651739907e-07,0.9882758259773254,0.011723273433744907,8.261653192676022e-07,,,
/kaggle/input/datasets/tawsifurrahman/covid19-radiography-database/COVID-19_Radiography_Dataset/Lung_Opacity/images/Lung_Opacity-2136.png,Lung_Opacity,Lung_Opacity,1.3351027519092895e-05,0.9932895302772522,0.0066966647282242775,4.481279063384136e-07,,0.12301147729158401,0.12301147729158401
/kaggle/input/datasets/tawsifurrahman/covid19-radiography-database/COVID-19_Radiography_Dataset/Lung_Opacity/images/Lung_Opacity-2140.png,Lung_Opacity,Lung_Opacity,0.0007630534237250686,0.9965841770172119,0.002432720037177205,0.00022007818915881217,,0.22782358527183533,0.22782358527183533
/kaggle/input/datasets/tawsifurrahman/covid19-radiography-database/COVID-19_Radiography_Dataset/Lung_Opacity/images/Lung_Opacity-2144.png,Lung_Opacity,Lung_Opacity,0.0002563150192145258,0.9758290648460388,0.02387750707566738,3.706655479618348e-05,,,
/kaggle/input/datasets/tawsifurrahman/covid19-radiography-database/COVID-19_Radiography_Dataset/Lung_Opacity/images/Lung_Opacity-2146.png,Lung_Opacity,Normal,7.205727160908282e-05,0.0881517305970192,0.9112439155578613,0.000532290549017489,,,
/kaggle/input/datasets/tawsifurrahman/covid19-radiography-database/COVID-19_Radiography_Dataset/Lung_Opacity/images/Lung_Opacity-215.png,Lung_Opacity,Normal,0.03401517868041992,0.02374332956969738,0.942215621471405,2.5840819944278337e-05,,,
/kaggle/input/datasets/tawsifurrahman/covid19-radiography-database/COVID-19_Radiography_Dataset/Lung_Opacity/images/Lung_Opacity-2158.png,Lung_Opacity,Lung_Opacity,0.4542164206504822,0.5437965989112854,0.00037799050915054977,0.0016089503187686205,,0.26001012325286865,0.26001012325286865
/kaggle/input/datasets/tawsifurrahman/covid19-radiography-database/COVID-19_Radiography_Dataset/Lung_Opacity/images/Lung_Opacity-2165.png,Lung_Opacity,Lung_Opacity,0.0016485971864312887,0.9181704521179199,0.08018053323030472,4.288366710625269e-07,,0.26232612133026123,0.26232612133026123
/kaggle/input/datasets/tawsifurrahman/covid19-radiography-database/COVID-19_Radiography_Dataset/Lung_Opacity/images/Lung_Opacity-2173.png,Lung_Opacity,Lung_Opacity,4.1175425735673343e-07,0.9974642992019653,0.002510818187147379,2.446910184517037e-05,,,
/kaggle/input/datasets/tawsifurrahman/covid19-radiography-database/COVID-19_Radiography_Dataset/Lung_Opacity/images/Lung_Opacity-2174.png,Lung_Opacity,Lung_Opacity,0.001164610730484128,0.9968168139457703,0.002010838594287634,7.690539860050194e-06,,,
/kaggle/input/datasets/tawsifurrahman/covid19-radiography-database/COVID-19_Radiography_Dataset/Lung_Opacity/images/Lung_Opacity-2175.png,Lung_Opacity,Lung_Opacity,4.400220132083632e-05,0.9994946718215942,0.00046087487135082483,4.6630123051727423e-07,,,
/kaggle/input/datasets/tawsifurrahman/covid19-radiography-database/COVID-19_Radiography_Dataset/Lung_Opacity/images/Lung_Opacity-2179.png,Lung_Opacity,Lung_Opacity,7.392423140117899e-05,0.9958282113075256,0.00409654201939702,1.335258161816455e-06,,0.25383371114730835,0.25383371114730835
/kaggle/input/datasets/tawsifurrahman/covid19-radiography-database/COVID-19_Radiography_Dataset/Lung_Opacity/images/Lung_Opacity-2183.png,Lung_Opacity,Lung_Opacity,3.880962594848825e-06,0.8802891373634338,0.11969082802534103,1.619413342268672e-05,,,
/kaggle/input/datasets/tawsifurrahman/covid19-radiography-database/COVID-19_Radiography_Dataset/Lung_Opacity/images/Lung_Opacity-2186.png,Lung_Opacity,Lung_Opacity,3.766080044442788e-05,0.6571131348609924,0.34284859895706177,6.511286869681499e-07,,0.3128678798675537,0.3128678798675537
/kaggle/input/datasets/tawsifurrahman/covid19-radiography-database/COVID-19_Radiography_Dataset/Lung_Opacity/images/Lung_Opacity-2191.png,Lung_Opacity,Lung_Opacity,0.004991163033992052,0.9560956358909607,0.03886234015226364,5.081708877696656e-05,,0.20026442408561707,0.20026442408561707
/kaggle/input/datasets/tawsifurrahman/covid19-radiography-database/COVID-19_Radiography_Dataset/Lung_Opacity/images/Lung_Opacity-2193.png,Lung_Opacity,Lung_Opacity,0.15094029903411865,0.8457897901535034,0.0032696365378797054,2.693796830044448e-07,,0.26238712668418884,0.26238712668418884
/kaggle/input/datasets/tawsifurrahman/covid19-radiography-database/COVID-19_Radiography_Dataset/Lung_Opacity/images/Lung_Opacity-2208.png,Lung_Opacity,Normal,0.06970669329166412,0.294023722410202,0.6326679587364197,0.0036016067024320364,,,
/kaggle/input/datasets/tawsifurrahman/covid19-radiography-database/COVID-19_Radiography_Dataset/Lung_Opacity/images/Lung_Opacity-222.png,Lung_Opacity,Lung_Opacity,0.000585045840125531,0.9986816048622131,0.0007332645473070443,1.5676209841331001e-07,,,
/kaggle/input/datasets/tawsifurrahman/covid19-radiography-database/COVID-19_Radiography_Dataset/Lung_Opacity/images/Lung_Opacity-2220.png,Lung_Opacity,Lung_Opacity,3.0635495932074264e-05,0.9944633841514587,0.005505996756255627,2.4984485591517114e-09,,,
/kaggle/input/datasets/tawsifurrahman/covid19-radiography-database/COVID-19_Radiography_Dataset/Lung_Opacity/images/Lung_Opacity-2223.png,Lung_Opacity,Lung_Opacity,0.0402999110519886,0.9581191539764404,0.001580087118782103,8.930812214202888e-07,,0.29284563660621643,0.29284563660621643
/kaggle/input/datasets/tawsifurrahman/covid19-radiography-database/COVID-19_Radiography_Dataset/Lung_Opacity/images/Lung_Opacity-2226.png,Lung_Opacity,Lung_Opacity,5.775711429123476e-07,0.9998741149902344,0.00010180654498981312,2.353182208025828e-05,,,
/kaggle/input/datasets/tawsifurrahman/covid19-radiography-database/COVID-19_Radiography_Dataset/Lung_Opacity/images/Lung_Opacity-2239.png,Lung_Opacity,Lung_Opacity,0.024879038333892822,0.9591061472892761,0.01598208397626877,3.2705684134270996e-05,,,
/kaggle/input/datasets/tawsifurrahman/covid19-radiography-database/COVID-19_Radiography_Dataset/Lung_Opacity/images/Lung_Opacity-2240.png,Lung_Opacity,Lung_Opacity,0.00020298879826441407,0.9954609274864197,0.004335956647992134,1.3556423539284879e-07,,,
/kaggle/input/datasets/tawsifurrahman/covid19-radiography-database/COVID-19_Radiography_Dataset/Lung_Opacity/images/Lung_Opacity-2247.png,Lung_Opacity,Lung_Opacity,0.0018684077076613903,0.887062132358551,0.11106561869382858,3.859135176753625e-06,,0.2127750813961029,0.2127750813961029
/kaggle/input/datasets/tawsifurrahman/covid19-radiography-database/COVID-19_Radiography_Dataset/Lung_Opacity/images/Lung_Opacity-2257.png,Lung_Opacity,Lung_Opacity,0.001316119683906436,0.6867566704750061,0.30652549862861633,0.005401749163866043,,,
/kaggle/input/datasets/tawsifurrahman/covid19-radiography-database/COVID-19_Radiography_Dataset/Lung_Opacity/images/Lung_Opacity-2269.png,Lung_Opacity,Lung_Opacity,0.0005256723961792886,0.942202091217041,0.05727175623178482,4.614780095835158e-07,,0.0940532311797142,0.0940532311797142
/kaggle/input/datasets/tawsifurrahman/covid19-radiography-database/COVID-19_Radiography_Dataset/Lung_Opacity/images/Lung_Opacity-2279.png,Lung_Opacity,Lung_Opacity,0.006149108521640301,0.8793532848358154,0.11449192464351654,5.642076303047361e-06,,,
/kaggle/input/datasets/tawsifurrahman/covid19-radiography-database/COVID-19_Radiography_Dataset/Lung_Opacity/images/Lung_Opacity-2301.png,Lung_Opacity,Lung_Opacity,0.00035995562211610377,0.9963943362236023,0.0032457050401717424,5.236029565480749e-08,,,
/kaggle/input/datasets/tawsifurrahman/covid19-radiography-database/COVID-19_Radiography_Dataset/Lung_Opacity/images/Lung_Opacity-2302.png,Lung_Opacity,Lung_Opacity,9.652664630266372e-06,0.9960789084434509,0.0037411493249237537,0.0001702213048702106,,,
/kaggle/input/datasets/tawsifurrahman/covid19-radiography-database/COVID-19_Radiography_Dataset/Lung_Opacity/images/Lung_Opacity-2353.png,Lung_Opacity,Lung_Opacity,0.005754419602453709,0.9840099215507507,0.01023143995553255,4.249906396580627e-06,,,
/kaggle/input/datasets/tawsifurrahman/covid19-radiography-database/COVID-19_Radiography_Dataset/Lung_Opacity/images/Lung_Opacity-2364.png,Lung_Opacity,Lung_Opacity,0.000531221623532474,0.9906207323074341,0.008846648037433624,1.4190850379236508e-06,,0.2214491218328476,0.2214491218328476
/kaggle/input/datasets/tawsifurrahman/covid19-radiography-database/COVID-19_Radiography_Dataset/Lung_Opacity/images/Lung_Opacity-2365.png,Lung_Opacity,Lung_Opacity,0.00030524004250764847,0.8042176961898804,0.1954558789730072,2.1203097276156768e-05,,,
/kaggle/input/datasets/tawsifurrahman/covid19-radiography-database/COVID-19_Radiography_Dataset/Lung_Opacity/images/Lung_Opacity-2372.png,Lung_Opacity,Normal,0.0004627140879165381,0.02418898418545723,0.9752589464187622,8.934256038628519e-05,,0.42305096983909607,0.42305096983909607
/kaggle/input/datasets/tawsifurrahman/covid19-radiography-database/COVID-19_Radiography_Dataset/Lung_Opacity/images/Lung_Opacity-2382.png,Lung_Opacity,Lung_Opacity,3.6496999200608116e-07,0.9998868703842163,0.00011273744166828692,1.351328632326343e-10,,,
/kaggle/input/datasets/tawsifurrahman/covid19-radiography-database/COVID-19_Radiography_Dataset/Lung_Opacity/images/Lung_Opacity-2392.png,Lung_Opacity,Lung_Opacity,4.159659056313103e-06,0.7067702412605286,0.29235708713531494,0.0008685230277478695,,0.30042827129364014,0.30042827129364014
/kaggle/input/datasets/tawsifurrahman/covid19-radiography-database/COVID-19_Radiography_Dataset/Lung_Opacity/images/Lung_Opacity-2396.png,Lung_Opacity,Normal,0.058524709194898605,0.43722018599510193,0.5041905641555786,6.448166095651686e-05,,0.3944767415523529,0.3944767415523529
/kaggle/input/datasets/tawsifurrahman/covid19-radiography-database/COVID-19_Radiography_Dataset/Lung_Opacity/images/Lung_Opacity-2412.png,Lung_Opacity,Lung_Opacity,0.0023797701578587294,0.6239661574363708,0.3736535608768463,4.83578730836598e-07,,,
/kaggle/input/datasets/tawsifurrahman/covid19-radiography-database/COVID-19_Radiography_Dataset/Lung_Opacity/images/Lung_Opacity-2414.png,Lung_Opacity,Lung_Opacity,0.0005512206116691232,0.9992660880088806,0.0001820358302211389,5.684530606231419e-07,,0.4241704046726227,0.4241704046726227
/kaggle/input/datasets/tawsifurrahman/covid19-radiography-database/COVID-19_Radiography_Dataset/Lung_Opacity/images/Lung_Opacity-2415.png,Lung_Opacity,Normal,0.11255672574043274,0.0683528259396553,0.8190699219703674,2.05356100195786e-05,,,
/kaggle/input/datasets/tawsifurrahman/covid19-radiography-database/COVID-19_Radiography_Dataset/Lung_Opacity/images/Lung_Opacity-2420.png,Lung_Opacity,Lung_Opacity,0.0037910763639956713,0.9833014011383057,0.011429961770772934,0.0014775776071473956,,,
/kaggle/input/datasets/tawsifurrahman/covid19-radiography-database/COVID-19_Radiography_Dataset/Lung_Opacity/images/Lung_Opacity-2427.png,Lung_Opacity,Lung_Opacity,3.8200905692065135e-05,0.9999465942382812,1.5253666788339615e-05,1.509414637723694e-08,,,
/kaggle/input/datasets/tawsifurrahman/covid19-radiography-database/COVID-19_Radiography_Dataset/Lung_Opacity/images/Lung_Opacity-2435.png,Lung_Opacity,Lung_Opacity,7.496742182411253e-05,0.9253622889518738,0.07455715537071228,5.633516593661625e-06,,,
/kaggle/input/datasets/tawsifurrahman/covid19-radiography-database/COVID-19_Radiography_Dataset/Lung_Opacity/images/Lung_Opacity-2443.png,Lung_Opacity,Lung_Opacity,0.09691812098026276,0.89857417345047,0.0038978825323283672,0.0006097988225519657,,,
/kaggle/input/datasets/tawsifurrahman/covid19-radiography-database/COVID-19_Radiography_Dataset/Lung_Opacity/images/Lung_Opacity-2447.png,Lung_Opacity,Lung_Opacity,0.00043440828449092805,0.9309306740760803,0.0686332955956459,1.6753361933297128e-06,,,
/kaggle/input/datasets/tawsifurrahman/covid19-radiography-database/COVID-19_Radiography_Dataset/Lung_Opacity/images/Lung_Opacity-2457.png,Lung_Opacity,Lung_Opacity,6.805825250921771e-06,0.9994862079620361,0.0005069851176813245,8.577901944306632e-09,,,
/kaggle/input/datasets/tawsifurrahman/covid19-radiography-database/COVID-19_Radiography_Dataset/Lung_Opacity/images/Lung_Opacity-2461.png,Lung_Opacity,Lung_Opacity,2.5654306227806956e-05,0.9993399977684021,0.0006331720505841076,1.2377196298984927e-06,,0.21497422456741333,0.21497422456741333
/kaggle/input/datasets/tawsifurrahman/covid19-radiography-database/COVID-19_Radiography_Dataset/Lung_Opacity/images/Lung_Opacity-2481.png,Lung_Opacity,Lung_Opacity,0.004521574825048447,0.9579927325248718,0.03743964061141014,4.6044489863561466e-05,,,
/kaggle/input/datasets/tawsifurrahman/covid19-radiography-database/COVID-19_Radiography_Dataset/Lung_Opacity/images/Lung_Opacity-2494.png,Lung_Opacity,Lung_Opacity,0.003250986570492387,0.9900072813034058,0.006741377059370279,3.5006550547223014e-07,,0.2560354173183441,0.2560354173183441
/kaggle/input/datasets/tawsifurrahman/covid19-radiography-database/COVID-19_Radiography_Dataset/Lung_Opacity/images/Lung_Opacity-2499.png,Lung_Opacity,Lung_Opacity,1.7864827896119095e-05,0.9925355911254883,0.007446547504514456,4.53560531354924e-08,,0.15790820121765137,0.15790820121765137
/kaggle/input/datasets/tawsifurrahman/covid19-radiography-database/COVID-19_Radiography_Dataset/Lung_Opacity/images/Lung_Opacity-2506.png,Lung_Opacity,Normal,0.22050777077674866,0.004805290140211582,0.7746807336807251,6.179624506330583e-06,,,
/kaggle/input/datasets/tawsifurrahman/covid19-radiography-database/COVID-19_Radiography_Dataset/Lung_Opacity/images/Lung_Opacity-2507.png,Lung_Opacity,Lung_Opacity,0.0025443872436881065,0.9238157272338867,0.07358449697494507,5.5410248023690656e-05,,,
/kaggle/input/datasets/tawsifurrahman/covid19-radiography-database/COVID-19_Radiography_Dataset/Lung_Opacity/images/Lung_Opacity-252.png,Lung_Opacity,Lung_Opacity,9.216187754645944e-05,0.9996925592422485,0.0002136424882337451,1.6244306380031048e-06,,,
/kaggle/input/datasets/tawsifurrahman/covid19-radiography-database/COVID-19_Radiography_Dataset/Lung_Opacity/images/Lung_Opacity-2526.png,Lung_Opacity,Normal,0.0007295304676517844,0.49186766147613525,0.5074014663696289,1.3662835272043594e-06,,0.3448110520839691,0.3448110520839691
/kaggle/input/datasets/tawsifurrahman/covid19-radiography-database/COVID-19_Radiography_Dataset/Lung_Opacity/images/Lung_Opacity-2539.png,Lung_Opacity,Lung_Opacity,0.00011444601841503754,0.9901305437088013,0.009751853533089161,3.1872039016889175e-06,,,
/kaggle/input/datasets/tawsifurrahman/covid19-radiography-database/COVID-19_Radiography_Dataset/Lung_Opacity/images/Lung_Opacity-2544.png,Lung_Opacity,Lung_Opacity,0.05239563807845116,0.778195321559906,0.15413114428520203,0.01527789793908596,,,
/kaggle/input/datasets/tawsifurrahman/covid19-radiography-database/COVID-19_Radiography_Dataset/Lung_Opacity/images/Lung_Opacity-2546.png,Lung_Opacity,Lung_Opacity,0.005864544305950403,0.6066973805427551,0.3854382634162903,0.0019998124334961176,,,
/kaggle/input/datasets/tawsifurrahman/covid19-radiography-database/COVID-19_Radiography_Dataset/Lung_Opacity/images/Lung_Opacity-2550.png,Lung_Opacity,Lung_Opacity,0.001166364410892129,0.8750019669532776,0.12379799038171768,3.365893644513562e-05,,,
/kaggle/input/datasets/tawsifurrahman/covid19-radiography-database/COVID-19_Radiography_Dataset/Lung_Opacity/images/Lung_Opacity-2567.png,Lung_Opacity,Lung_Opacity,0.05205180123448372,0.7715100049972534,0.17643575370311737,2.5155063667625654e-06,,,
/kaggle/input/datasets/tawsifurrahman/covid19-radiography-database/COVID-19_Radiography_Dataset/Lung_Opacity/images/Lung_Opacity-2573.png,Lung_Opacity,Lung_Opacity,0.0005543798324652016,0.9954961538314819,0.00393705116584897,1.2447005246940535e-05,,0.128487229347229,0.128487229347229
/kaggle/input/datasets/tawsifurrahman/covid19-radiography-database/COVID-19_Radiography_Dataset/Lung_Opacity/images/Lung_Opacity-2575.png,Lung_Opacity,Lung_Opacity,6.766966293980659e-07,0.9998669624328613,0.0001314958353759721,8.321954965140321e-07,,,
/kaggle/input/datasets/tawsifurrahman/covid19-radiography-database/COVID-19_Radiography_Dataset/Lung_Opacity/images/Lung_Opacity-258.png,Lung_Opacity,Lung_Opacity,0.04021257162094116,0.9481061697006226,0.01047271117568016,0.0012085038470104337,,0.5229024887084961,0.5229024887084961
/kaggle/input/datasets/tawsifurrahman/covid19-radiography-database/COVID-19_Radiography_Dataset/Lung_Opacity/images/Lung_Opacity-2587.png,Lung_Opacity,Lung_Opacity,0.005034404806792736,0.6129029393196106,0.3820451498031616,1.7456906789448112e-05,,,
/kaggle/input/datasets/tawsifurrahman/covid19-radiography-database/COVID-19_Radiography_Dataset/Lung_Opacity/images/Lung_Opacity-2591.png,Lung_Opacity,Lung_Opacity,0.011127408593893051,0.8075391054153442,0.1813265085220337,6.978380952205043e-06,,,
/kaggle/input/datasets/tawsifurrahman/covid19-radiography-database/COVID-19_Radiography_Dataset/Lung_Opacity/images/Lung_Opacity-2594.png,Lung_Opacity,Lung_Opacity,0.00232563354074955,0.992870032787323,0.00466599315404892,0.00013831170508638024,,,
/kaggle/input/datasets/tawsifurrahman/covid19-radiography-database/COVID-19_Radiography_Dataset/Lung_Opacity/images/Lung_Opacity-2598.png,Lung_Opacity,Lung_Opacity,0.007520507555454969,0.992084801197052,0.000393654074287042,1.073385988092923e-06,,0.48104095458984375,0.48104095458984375
/kaggle/input/datasets/tawsifurrahman/covid19-radiography-database/COVID-19_Radiography_Dataset/Lung_Opacity/images/Lung_Opacity-260.png,Lung_Opacity,COVID,0.8017512559890747,0.14332833886146545,0.054889876395463943,3.0468821933027357e-05,,,
/kaggle/input/datasets/tawsifurrahman/covid19-radiography-database/COVID-19_Radiography_Dataset/Lung_Opacity/images/Lung_Opacity-2609.png,Lung_Opacity,Lung_Opacity,0.0006769545725546777,0.7013747692108154,0.2979448139667511,3.441048647800926e-06,,0.11278130859136581,0.11278130859136581
/kaggle/input/datasets/tawsifurrahman/covid19-radiography-database/COVID-19_Radiography_Dataset/Lung_Opacity/images/Lung_Opacity-262.png,Lung_Opacity,Lung_Opacity,0.09806979447603226,0.8994049429893494,0.0025248948950320482,3.0500891057272383e-07,,0.1698545217514038,0.1698545217514038
/kaggle/input/datasets/tawsifurrahman/covid19-radiography-database/COVID-19_Radiography_Dataset/Lung_Opacity/images/Lung_Opacity-2627.png,Lung_Opacity,Lung_Opacity,0.0016634197672829032,0.9948509335517883,0.003476814366877079,8.793675988272298e-06,,,
/kaggle/input/datasets/tawsifurrahman/covid19-radiography-database/COVID-19_Radiography_Dataset/Lung_Opacity/images/Lung_Opacity-2630.png,Lung_Opacity,Lung_Opacity,3.7049346701678587e-06,0.9843848943710327,0.01561026368290186,1.1367136494300212e-06,,,
/kaggle/input/datasets/tawsifurrahman/covid19-radiography-database/COVID-19_Radiography_Dataset/Lung_Opacity/images/Lung_Opacity-2631.png,Lung_Opacity,COVID,0.7399998903274536,0.24841029942035675,0.01158952433615923,2.4886512051125464e-07,,0.5011446475982666,0.5011446475982666
/kaggle/input/datasets/tawsifurrahman/covid19-radiography-database/COVID-19_Radiography_Dataset/Lung_Opacity/images/Lung_Opacity-2639.png,Lung_Opacity,Lung_Opacity,0.0003727158182300627,0.998740017414093,0.0008821985102258623,5.117023192724446e-06,,0.2407790571451187,0.2407790571451187
/kaggle/input/datasets/tawsifurrahman/covid19-radiography-database/COVID-19_Radiography_Dataset/Lung_Opacity/images/Lung_Opacity-2640.png,Lung_Opacity,Lung_Opacity,2.8281543563934974e-05,0.9988808035850525,0.0010367067297920585,5.420972956926562e-05,,0.1953900009393692,0.1953900009393692
/kaggle/input/datasets/tawsifurrahman/covid19-radiography-database/COVID-19_Radiography_Dataset/Lung_Opacity/images/Lung_Opacity-2644.png,Lung_Opacity,Lung_Opacity,0.0002720702614169568,0.9997010827064514,2.653241972438991e-05,2.5284475668740924e-07,,,
/kaggle/input/datasets/tawsifurrahman/covid19-radiography-database/COVID-19_Radiography_Dataset/Lung_Opacity/images/Lung_Opacity-2646.png,Lung_Opacity,Lung_Opacity,0.0022741607390344143,0.9976660013198853,5.8124893257627264e-05,1.8350425534663373e-06,,0.4227604568004608,0.4227604568004608
/kaggle/input/datasets/tawsifurrahman/covid19-radiography-database/COVID-19_Radiography_Dataset/Lung_Opacity/images/Lung_Opacity-2652.png,Lung_Opacity,Lung_Opacity,0.2877563238143921,0.5689489841461182,0.13491754233837128,0.008377069607377052,,,
/kaggle/input/datasets/tawsifurrahman/covid19-radiography-database/COVID-19_Radiography_Dataset/Lung_Opacity/images/Lung_Opacity-2663.png,Lung_Opacity,Lung_Opacity,0.0007392945699393749,0.809992253780365,0.18925297260284424,1.549764783703722e-05,,,
/kaggle/input/datasets/tawsifurrahman/covid19-radiography-database/COVID-19_Radiography_Dataset/Lung_Opacity/images/Lung_Opacity-2667.png,Lung_Opacity,Lung_Opacity,6.519761654999456e-07,0.8834481835365295,0.11654947698116302,1.6642096625218983e-06,,,
/kaggle/input/datasets/tawsifurrahman/covid19-radiography-database/COVID-19_Radiography_Dataset/Lung_Opacity/images/Lung_Opacity-2669.png,Lung_Opacity,Lung_Opacity,2.2171698219608516e-05,0.999937891960144,3.9908598409965634e-05,1.7843632127423348e-09,,,
/kaggle/input/datasets/tawsifurrahman/covid19-radiography-database/COVID-19_Radiography_Dataset/Lung_Opacity/images/Lung_Opacity-2670.png,Lung_Opacity,Lung_Opacity,0.0005198566359467804,0.9981685876846313,0.0009083683835342526,0.00040318447281606495,,,
/kaggle/input/datasets/tawsifurrahman/covid19-radiography-database/COVID-19_Radiography_Dataset/Lung_Opacity/images/Lung_Opacity-2672.png,Lung_Opacity,Lung_Opacity,0.15703099966049194,0.5789860486984253,0.26394855976104736,3.447185372351669e-05,,,
/kaggle/input/datasets/tawsifurrahman/covid19-radiography-database/COVID-19_Radiography_Dataset/Lung_Opacity/images/Lung_Opacity-269.png,Lung_Opacity,COVID,0.5496084690093994,0.4424408972263336,0.00794750452041626,3.1374136142403586e-06,,0.16687887907028198,0.16687887907028198
/kaggle/input/datasets/tawsifurrahman/covid19-radiography-database/COVID-19_Radiography_Dataset/Lung_Opacity/images/Lung_Opacity-2692.png,Lung_Opacity,Lung_Opacity,0.3327430784702301,0.6193734407424927,0.04765847325325012,0.00022502119827549905,,,
/kaggle/input/datasets/tawsifurrahman/covid19-radiography-database/COVID-19_Radiography_Dataset/Lung_Opacity/images/Lung_Opacity-2695.png,Lung_Opacity,Lung_Opacity,0.0002638485748320818,0.9832955002784729,0.016422715038061142,1.7887698049889877e-05,,,
/kaggle/input/datasets/tawsifurrahman/covid19-radiography-database/COVID-19_Radiography_Dataset/Lung_Opacity/images/Lung_Opacity-270.png,Lung_Opacity,Lung_Opacity,5.193388642510399e-05,0.9998726844787598,7.536939665442333e-05,9.16843578835369e-09,,0.308612585067749,0.308612585067749
/kaggle/input/datasets/tawsifurrahman/covid19-radiography-database/COVID-19_Radiography_Dataset/Lung_Opacity/images/Lung_Opacity-2710.png,Lung_Opacity,Lung_Opacity,4.225908924126998e-06,0.9949193596839905,0.005075479857623577,9.215891623171046e-07,,,
/kaggle/input/datasets/tawsifurrahman/covid19-radiography-database/COVID-19_Radiography_Dataset/Lung_Opacity/images/Lung_Opacity-2711.png,Lung_Opacity,Normal,0.0012126002693548799,0.016134439036250114,0.982646107673645,6.835977274022298e-06,,0.45784568786621094,0.45784568786621094
/kaggle/input/datasets/tawsifurrahman/covid19-radiography-database/COVID-19_Radiography_Dataset/Lung_Opacity/images/Lung_Opacity-2717.png,Lung_Opacity,Lung_Opacity,0.0022852825932204723,0.9853087067604065,0.012404442764818668,1.585141831128567e-06,,,
/kaggle/input/datasets/tawsifurrahman/covid19-radiography-database/COVID-19_Radiography_Dataset/Lung_Opacity/images/Lung_Opacity-2719.png,Lung_Opacity,Lung_Opacity,0.0009258083300665021,0.9982134103775024,0.0008561200811527669,4.598125997290481e-06,,0.21474920213222504,0.21474920213222504
/kaggle/input/datasets/tawsifurrahman/covid19-radiography-database/COVID-19_Radiography_Dataset/Lung_Opacity/images/Lung_Opacity-2730.png,Lung_Opacity,Lung_Opacity,5.008493644709233e-06,0.9339986443519592,0.06599636375904083,1.0772136072034755e-08,,0.1674039214849472,0.1674039214849472
/kaggle/input/datasets/tawsifurrahman/covid19-radiography-database/COVID-19_Radiography_Dataset/Lung_Opacity/images/Lung_Opacity-2738.png,Lung_Opacity,Lung_Opacity,0.002983803628012538,0.9967064261436462,0.0003018505231011659,7.999061381269712e-06,,0.16117505729198456,0.16117505729198456
/kaggle/input/datasets/tawsifurrahman/covid19-radiography-database/COVID-19_Radiography_Dataset/Lung_Opacity/images/Lung_Opacity-2743.png,Lung_Opacity,Lung_Opacity,0.003428980242460966,0.9927393794059753,0.0031035474967211485,0.0007279928540810943,,,
/kaggle/input/datasets/tawsifurrahman/covid19-radiography-database/COVID-19_Radiography_Dataset/Lung_Opacity/images/Lung_Opacity-2744.png,Lung_Opacity,Lung_Opacity,0.006743631325662136,0.7998902797698975,0.19336539506912231,6.997909736128349e-07,,0.17548342049121857,0.17548342049121857
/kaggle/input/datasets/tawsifurrahman/covid19-radiography-database/COVID-19_Radiography_Dataset/Lung_Opacity/images/Lung_Opacity-2748.png,Lung_Opacity,Lung_Opacity,0.0019182609394192696,0.989149272441864,0.00893199723213911,4.3598939214462007e-07,,,
/kaggle/input/datasets/tawsifurrahman/covid19-radiography-database/COVID-19_Radiography_Dataset/Lung_Opacity/images/Lung_Opacity-2759.png,Lung_Opacity,Lung_Opacity,0.00020087943994440138,0.9544827342033386,0.04531383514404297,2.4849884994182503e-06,,,
/kaggle/input/datasets/tawsifurrahman/covid19-radiography-database/COVID-19_Radiography_Dataset/Lung_Opacity/images/Lung_Opacity-276.png,Lung_Opacity,Lung_Opacity,0.01864241249859333,0.7361764907836914,0.24514968693256378,3.144315633107908e-05,,0.15755513310432434,0.15755513310432434
/kaggle/input/datasets/tawsifurrahman/covid19-radiography-database/COVID-19_Radiography_Dataset/Lung_Opacity/images/Lung_Opacity-2775.png,Lung_Opacity,Lung_Opacity,0.000451151019660756,0.9907270669937134,0.008810817264020443,1.1038089724024758e-05,,,
/kaggle/input/datasets/tawsifurrahman/covid19-radiography-database/COVID-19_Radiography_Dataset/Lung_Opacity/images/Lung_Opacity-2777.png,Lung_Opacity,Normal,0.006894290447235107,0.030216623097658157,0.9628864526748657,2.6252535008097766e-06,,0.3627380430698395,0.3627380430698395
/kaggle/input/datasets/tawsifurrahman/covid19-radiography-database/COVID-19_Radiography_Dataset/Lung_Opacity/images/Lung_Opacity-2779.png,Lung_Opacity,Normal,0.0006085459026508033,0.4080944359302521,0.5912943482398987,2.7102435069537023e-06,,0.2458019107580185,0.2458019107580185
/kaggle/input/datasets/tawsifurrahman/covid19-radiography-database/COVID-19_Radiography_Dataset/Lung_Opacity/images/Lung_Opacity-2787.png,Lung_Opacity,Lung_Opacity,4.821048423764296e-05,0.9949199557304382,0.005031568463891745,2.9263085821185086e-07,,,
/kaggle/input/datasets/tawsifurrahman/covid19-radiography-database/COVID-19_Radiography_Dataset/Lung_Opacity/images/Lung_Opacity-2788.png,Lung_Opacity,Lung_Opacity,0.008548137731850147,0.9779742956161499,0.01341303251683712,6.44699830445461e-05,,,
/kaggle/input/datasets/tawsifurrahman/covid19-radiography-database/COVID-19_Radiography_Dataset/Lung_Opacity/images/Lung_Opacity-2796.png,Lung_Opacity,Lung_Opacity,0.02763616107404232,0.6172276735305786,0.3550850749015808,5.104173396830447e-05,,,
/kaggle/input/datasets/tawsifurrahman/covid19-radiography-database/COVID-19_Radiography_Dataset/Lung_Opacity/images/Lung_Opacity-280.png,Lung_Opacity,Lung_Opacity,0.00014767295215278864,0.9995341300964355,0.0003179046034347266,3.4758622291519714e-07,,0.27503180503845215,0.27503180503845215
/kaggle/input/datasets/tawsifurrahman/covid19-radiography-database/COVID-19_Radiography_Dataset/Lung_Opacity/images/Lung_Opacity-2801.png,Lung_Opacity,Lung_Opacity,3.793034193222411e-05,0.9759809374809265,0.023973194882273674,7.877451935200952e-06,,,
/kaggle/input/datasets/tawsifurrahman/covid19-radiography-database/COVID-19_Radiography_Dataset/Lung_Opacity/images/Lung_Opacity-2808.png,Lung_Opacity,Lung_Opacity,3.938097506761551e-05,0.9955034852027893,0.00445720087736845,1.0316372645036154e-08,,0.19789940118789673,0.19789940118789673
/kaggle/input/datasets/tawsifurrahman/covid19-radiography-database/COVID-19_Radiography_Dataset/Lung_Opacity/images/Lung_Opacity-2814.png,Lung_Opacity,Lung_Opacity,0.02921835333108902,0.9640039205551147,0.006777551490813494,1.2086491096852114e-07,,,
/kaggle/input/datasets/tawsifurrahman/covid19-radiography-database/COVID-19_Radiography_Dataset/Lung_Opacity/images/Lung_Opacity-2828.png,Lung_Opacity,Lung_Opacity,0.000847501796670258,0.9748958349227905,0.02425229735672474,4.447796982276486e-06,,0.21243013441562653,0.21243013441562653
/kaggle/input/datasets/tawsifurrahman/covid19-radiography-database/COVID-19_Radiography_Dataset/Lung_Opacity/images/Lung_Opacity-2832.png,Lung_Opacity,Lung_Opacity,1.2716741366602946e-06,0.999824583530426,0.00017227772332262248,1.9218307443225058e-06,,,
/kaggle/input/datasets/tawsifurrahman/covid19-radiography-database/COVID-19_Radiography_Dataset/Lung_Opacity/images/Lung_Opacity-2833.png,Lung_Opacity,Lung_Opacity,3.239223224227317e-05,0.9965509176254272,0.0033656710293143988,5.091776620247401e-05,,,
/kaggle/input/datasets/tawsifurrahman/covid19-radiography-database/COVID-19_Radiography_Dataset/Lung_Opacity/images/Lung_Opacity-2836.png,Lung_Opacity,Lung_Opacity,0.0025187190622091293,0.5816473960876465,0.4156858026981354,0.0001480902428738773,,,
/kaggle/input/datasets/tawsifurrahman/covid19-radiography-database/COVID-19_Radiography_Dataset/Lung_Opacity/images/Lung_Opacity-2846.png,Lung_Opacity,Lung_Opacity,0.04924444109201431,0.9425983428955078,0.0080985426902771,5.870558015885763e-05,,0.2341858297586441,0.2341858297586441
/kaggle/input/datasets/tawsifurrahman/covid19-radiography-database/COVID-19_Radiography_Dataset/Lung_Opacity/images/Lung_Opacity-2852.png,Lung_Opacity,Lung_Opacity,0.0042727068066596985,0.8659297823905945,0.12979719042778015,3.4122743386433285e-07,,0.21559201180934906,0.21559201180934906
/kaggle/input/datasets/tawsifurrahman/covid19-radiography-database/COVID-19_Radiography_Dataset/Lung_Opacity/images/Lung_Opacity-2860.png,Lung_Opacity,Lung_Opacity,1.7669828594080172e-05,0.9981251358985901,0.0018568788655102253,3.224625686470972e-07,,,
/kaggle/input/datasets/tawsifurrahman/covid19-radiography-database/COVID-19_Radiography_Dataset/Lung_Opacity/images/Lung_Opacity-2866.png,Lung_Opacity,Lung_Opacity,0.0024361403193324804,0.9975191354751587,4.434901711647399e-05,3.439904503466096e-07,,,
/kaggle/input/datasets/tawsifurrahman/covid19-radiography-database/COVID-19_Radiography_Dataset/Lung_Opacity/images/Lung_Opacity-287.png,Lung_Opacity,Lung_Opacity,0.00010265446326229721,0.9777672290802002,0.0221269354224205,3.2236985134659335e-06,,,
/kaggle/input/datasets/tawsifurrahman/covid19-radiography-database/COVID-19_Radiography_Dataset/Lung_Opacity/images/Lung_Opacity-2872.png,Lung_Opacity,Lung_Opacity,0.006137692369520664,0.9918547868728638,0.0018778527155518532,0.0001297437702305615,,,
/kaggle/input/datasets/tawsifurrahman/covid19-radiography-database/COVID-19_Radiography_Dataset/Lung_Opacity/images/Lung_Opacity-2883.png,Lung_Opacity,Lung_Opacity,0.00023644445172976702,0.9662816524505615,0.02656802162528038,0.006913887336850166,,0.26179999113082886,0.26179999113082886
/kaggle/input/datasets/tawsifurrahman/covid19-radiography-database/COVID-19_Radiography_Dataset/Lung_Opacity/images/Lung_Opacity-289.png,Lung_Opacity,Lung_Opacity,0.00041421057539992034,0.7114348411560059,0.28813180327415466,1.9134005924570374e-05,,,
/kaggle/input/datasets/tawsifurrahman/covid19-radiography-database/COVID-19_Radiography_Dataset/Lung_Opacity/images/Lung_Opacity-2890.png,Lung_Opacity,Lung_Opacity,0.0006565485964529216,0.9992361068725586,0.00010689223563531414,4.986708859178179e-07,,,
/kaggle/input/datasets/tawsifurrahman/covid19-radiography-database/COVID-19_Radiography_Dataset/Lung_Opacity/images/Lung_Opacity-2904.png,Lung_Opacity,Lung_Opacity,0.0017359453486278653,0.9358755350112915,0.06195039674639702,0.00043815330718643963,,,
/kaggle/input/datasets/tawsifurrahman/covid19-radiography-database/COVID-19_Radiography_Dataset/Lung_Opacity/images/Lung_Opacity-2907.png,Lung_Opacity,Lung_Opacity,0.0004101152007933706,0.9985241293907166,0.001065269112586975,4.4502215246211563e-07,,,
/kaggle/input/datasets/tawsifurrahman/covid19-radiography-database/COVID-19_Radiography_Dataset/Lung_Opacity/images/Lung_Opacity-291.png,Lung_Opacity,Lung_Opacity,0.006214544642716646,0.6443949937820435,0.34863826632499695,0.0007521876832470298,,,
/kaggle/input/datasets/tawsifurrahman/covid19-radiography-database/COVID-19_Radiography_Dataset/Lung_Opacity/images/Lung_Opacity-2920.png,Lung_Opacity,Normal,7.603657286381349e-05,0.3759936988353729,0.6238359212875366,9.440611756872386e-05,,,
/kaggle/input/datasets/tawsifurrahman/covid19-radiography-database/COVID-19_Radiography_Dataset/Lung_Opacity/images/Lung_Opacity-2928.png,Lung_Opacity,Normal,0.001661009038798511,0.14806416630744934,0.8502602577209473,1.4639254004578106e-05,,,
/kaggle/input/datasets/tawsifurrahman/covid19-radiography-database/COVID-19_Radiography_Dataset/Lung_Opacity/images/Lung_Opacity-2932.png,Lung_Opacity,Lung_Opacity,5.6977452913997695e-05,0.9957364797592163,0.004202039446681738,4.462729066290194e-06,,0.23044216632843018,0.23044216632843018
/kaggle/input/datasets/tawsifurrahman/covid19-radiography-database/COVID-19_Radiography_Dataset/Lung_Opacity/images/Lung_Opacity-2935.png,Lung_Opacity,Lung_Opacity,0.03979320824146271,0.9571674466133118,0.0030326158739626408,6.698013294226257e-06,,,
/kaggle/input/datasets/tawsifurrahman/covid19-radiography-database/COVID-19_Radiography_Dataset/Lung_Opacity/images/Lung_Opacity-2937.png,Lung_Opacity,Lung_Opacity,0.013488219119608402,0.9225215911865234,0.056410618126392365,0.007579616270959377,,,
/kaggle/input/datasets/tawsifurrahman/covid19-radiography-database/COVID-19_Radiography_Dataset/Lung_Opacity/images/Lung_Opacity-294.png,Lung_Opacity,Lung_Opacity,0.01327957771718502,0.7286872267723083,0.2580326199531555,5.724463676415326e-07,,,
/kaggle/input/datasets/tawsifurrahman/covid19-radiography-database/COVID-19_Radiography_Dataset/Lung_Opacity/images/Lung_Opacity-2941.png,Lung_Opacity,Lung_Opacity,0.04114319756627083,0.812627375125885,0.14596998691558838,0.0002594346005935222,,,
/kaggle/input/datasets/tawsifurrahman/covid19-radiography-database/COVID-19_Radiography_Dataset/Lung_Opacity/images/Lung_Opacity-2958.png,Lung_Opacity,COVID,0.5664665102958679,0.08509323000907898,0.3319559395313263,0.01648433692753315,,,
/kaggle/input/datasets/tawsifurrahman/covid19-radiography-database/COVID-19_Radiography_Dataset/Lung_Opacity/images/Lung_Opacity-2960.png,Lung_Opacity,Lung_Opacity,0.025901271030306816,0.9724048376083374,0.0015904665924608707,0.00010343950998503715,,0.3992399275302887,0.3992399275302887
/kaggle/input/datasets/tawsifurrahman/covid19-radiography-database/COVID-19_Radiography_Dataset/Lung_Opacity/images/Lung_Opacity-2967.png,Lung_Opacity,Normal,0.1269296109676361,0.053731486201286316,0.8145734071731567,0.004765504505485296,,,
/kaggle/input/datasets/tawsifurrahman/covid19-radiography-database/COVID-19_Radiography_Dataset/Lung_Opacity/images/Lung_Opacity-2968.png,Lung_Opacity,Normal,0.07765975594520569,0.06358733773231506,0.8587257266044617,2.7268766643828712e-05,,,
/kaggle/input/datasets/tawsifurrahman/covid19-radiography-database/COVID-19_Radiography_Dataset/Lung_Opacity/images/Lung_Opacity-2969.png,Lung_Opacity,Lung_Opacity,6.0926081459911074e-06,0.9999094009399414,8.452044130535796e-05,3.1750694517995726e-08,,0.3198184072971344,0.3198184072971344
/kaggle/input/datasets/tawsifurrahman/covid19-radiography-database/COVID-19_Radiography_Dataset/Lung_Opacity/images/Lung_Opacity-2977.png,Lung_Opacity,Lung_Opacity,0.12646542489528656,0.8672264814376831,0.005956165958195925,0.00035191403003409505,,,
/kaggle/input/datasets/tawsifurrahman/covid19-radiography-database/COVID-19_Radiography_Dataset/Lung_Opacity/images/Lung_Opacity-2985.png,Lung_Opacity,Lung_Opacity,0.0002724729129113257,0.9879258871078491,0.011801551096141338,7.512019095656797e-08,,,
/kaggle/input/datasets/tawsifurrahman/covid19-radiography-database/COVID-19_Radiography_Dataset/Lung_Opacity/images/Lung_Opacity-2986.png,Lung_Opacity,Lung_Opacity,7.332782115554437e-05,0.9977731108665466,0.0021526794880628586,8.859011586537235e-07,,0.3639630675315857,0.3639630675315857
/kaggle/input/datasets/tawsifurrahman/covid19-radiography-database/COVID-19_Radiography_Dataset/Lung_Opacity/images/Lung_Opacity-2995.png,Lung_Opacity,Lung_Opacity,0.0004397372540552169,0.9854340553283691,0.014061128720641136,6.513408152386546e-05,,,
/kaggle/input/datasets/tawsifurrahman/covid19-radiography-database/COVID-19_Radiography_Dataset/Lung_Opacity/images/Lung_Opacity-300.png,Lung_Opacity,Normal,0.1456676870584488,0.06462576240301132,0.7891033887863159,0.0006031823577359319,,,
/kaggle/input/datasets/tawsifurrahman/covid19-radiography-database/COVID-19_Radiography_Dataset/Lung_Opacity/images/Lung_Opacity-3005.png,Lung_Opacity,Lung_Opacity,0.01802736334502697,0.6629148721694946,0.3190438151359558,1.3897278222430032e-05,,0.25313085317611694,0.25313085317611694
/kaggle/input/datasets/tawsifurrahman/covid19-radiography-database/COVID-19_Radiography_Dataset/Lung_Opacity/images/Lung_Opacity-3016.png,Lung_Opacity,Lung_Opacity,1.2395763633321621e-06,0.9973861575126648,0.0026124923024326563,1.526897079884293e-07,,0.22269468009471893,0.22269468009471893
/kaggle/input/datasets/tawsifurrahman/covid19-radiography-database/COVID-19_Radiography_Dataset/Lung_Opacity/images/Lung_Opacity-303.png,Lung_Opacity,Normal,0.004248111974447966,0.12328805029392242,0.8724627494812012,1.1047951602449757e-06,,,
/kaggle/input/datasets/tawsifurrahman/covid19-radiography-database/COVID-19_Radiography_Dataset/Lung_Opacity/images/Lung_Opacity-3030.png,Lung_Opacity,Lung_Opacity,0.008480671793222427,0.9359586238861084,0.055286481976509094,0.0002741551143117249,,,
/kaggle/input/datasets/tawsifurrahman/covid19-radiography-database/COVID-19_Radiography_Dataset/Lung_Opacity/images/Lung_Opacity-3031.png,Lung_Opacity,Normal,0.040033601224422455,0.1678391396999359,0.7917798757553101,0.0003473430988378823,,0.33242401480674744,0.33242401480674744
/kaggle/input/datasets/tawsifurrahman/covid19-radiography-database/COVID-19_Radiography_Dataset/Lung_Opacity/images/Lung_Opacity-3048.png,Lung_Opacity,Lung_Opacity,0.008913245052099228,0.9801382422447205,0.010473079048097134,0.00047544168774038553,,,
/kaggle/input/datasets/tawsifurrahman/covid19-radiography-database/COVID-19_Radiography_Dataset/Lung_Opacity/images/Lung_Opacity-3063.png,Lung_Opacity,Lung_Opacity,4.40978619735688e-05,0.9939475059509277,0.006007945630699396,5.190975116420304e-07,,,
/kaggle/input/datasets/tawsifurrahman/covid19-radiography-database/COVID-19_Radiography_Dataset/Lung_Opacity/images/Lung_Opacity-3073.png,Lung_Opacity,Lung_Opacity,0.0027236330788582563,0.9954108595848083,0.001859217300079763,6.2489675656252075e-06,,,
/kaggle/input/datasets/tawsifurrahman/covid19-radiography-database/COVID-19_Radiography_Dataset/Lung_Opacity/images/Lung_Opacity-3076.png,Lung_Opacity,Lung_Opacity,0.00012797962699551135,0.998389482498169,0.0014825398102402687,3.2765033353143735e-08,,,
/kaggle/input/datasets/tawsifurrahman/covid19-radiography-database/COVID-19_Radiography_Dataset/Lung_Opacity/images/Lung_Opacity-3095.png,Lung_Opacity,Normal,0.00027881760615855455,0.3650199770927429,0.6345919966697693,0.00010924068919848651,,,
/kaggle/input/datasets/tawsifurrahman/covid19-radiography-database/COVID-19_Radiography_Dataset/Lung_Opacity/images/Lung_Opacity-31.png,Lung_Opacity,Lung_Opacity,9.159029104921501e-06,0.9844894409179688,0.015487497672438622,1.4018906767887529e-05,,0.16848988831043243,0.16848988831043243
/kaggle/input/datasets/tawsifurrahman/covid19-radiography-database/COVID-19_Radiography_Dataset/Lung_Opacity/images/Lung_Opacity-3103.png,Lung_Opacity,Lung_Opacity,0.00022736741811968386,0.9993645548820496,0.0004081201332155615,2.154199307824456e-08,,,
/kaggle/input/datasets/tawsifurrahman/covid19-radiography-database/COVID-19_Radiography_Dataset/Lung_Opacity/images/Lung_Opacity-3109.png,Lung_Opacity,Lung_Opacity,4.455014277482405e-05,0.9230661392211914,0.07686799764633179,2.1321195163181983e-05,,0.07066495716571808,0.07066495716571808
/kaggle/input/datasets/tawsifurrahman/covid19-radiography-database/COVID-19_Radiography_Dataset/Lung_Opacity/images/Lung_Opacity-3110.png,Lung_Opacity,Lung_Opacity,1.2539772797026671e-05,0.9998024106025696,0.00017943434068001807,5.598285497399047e-06,,,
/kaggle/input/datasets/tawsifurrahman/covid19-radiography-database/COVID-19_Radiography_Dataset/Lung_Opacity/images/Lung_Opacity-3112.png,Lung_Opacity,Lung_Opacity,0.33701369166374207,0.6621010303497314,0.00041887874249368906,0.0004664812586270273,,,
/kaggle/input/datasets/tawsifurrahman/covid19-radiography-database/COVID-19_Radiography_Dataset/Lung_Opacity/images/Lung_Opacity-3121.png,Lung_Opacity,Lung_Opacity,0.0037702335976064205,0.9832744002342224,0.012945388443768024,1.0005905096477363e-05,,,
/kaggle/input/datasets/tawsifurrahman/covid19-radiography-database/COVID-19_Radiography_Dataset/Lung_Opacity/images/Lung_Opacity-3131.png,Lung_Opacity,Lung_Opacity,0.0010335016995668411,0.9947618842124939,0.0041991956532001495,5.507011337613221e-06,,,
/kaggle/input/datasets/tawsifurrahman/covid19-radiography-database/COVID-19_Radiography_Dataset/Lung_Opacity/images/Lung_Opacity-3139.png,Lung_Opacity,Lung_Opacity,0.00016945980314631015,0.9992620348930359,0.000564008834771812,4.5839005906600505e-06,,,
/kaggle/input/datasets/tawsifurrahman/covid19-radiography-database/COVID-19_Radiography_Dataset/Lung_Opacity/images/Lung_Opacity-3142.png,Lung_Opacity,Lung_Opacity,2.6327656087232754e-05,0.9769177436828613,0.023055918514728546,3.8345124409033815e-08,,,
/kaggle/input/datasets/tawsifurrahman/covid19-radiography-database/COVID-19_Radiography_Dataset/Lung_Opacity/images/Lung_Opacity-3146.png,Lung_Opacity,Lung_Opacity,0.02308611571788788,0.9393860101699829,0.03245663270354271,0.0050713298842310905,,,
/kaggle/input/datasets/tawsifurrahman/covid19-radiography-database/COVID-19_Radiography_Dataset/Lung_Opacity/images/Lung_Opacity-3156.png,Lung_Opacity,Lung_Opacity,3.560533286872669e-06,0.9980798959732056,0.0019136430928483605,2.8877418571937596e-06,,,
/kaggle/input/datasets/tawsifurrahman/covid19-radiography-database/COVID-19_Radiography_Dataset/Lung_Opacity/images/Lung_Opacity-3157.png,Lung_Opacity,Lung_Opacity,0.0031939551699906588,0.9314937591552734,0.06526816636323929,4.410975816426799e-05,,,
/kaggle/input/datasets/tawsifurrahman/covid19-radiography-database/COVID-19_Radiography_Dataset/Lung_Opacity/images/Lung_Opacity-3160.png,Lung_Opacity,Lung_Opacity,7.3939918365795165e-06,0.997556209564209,0.0023748602252453566,6.144252984086052e-05,,,
/kaggle/input/datasets/tawsifurrahman/covid19-radiography-database/COVID-19_Radiography_Dataset/Lung_Opacity/images/Lung_Opacity-3169.png,Lung_Opacity,Lung_Opacity,0.0011669816449284554,0.9985966086387634,0.0002095224044751376,2.6867634005611762e-05,,0.39752376079559326,0.39752376079559326
/kaggle/input/datasets/tawsifurrahman/covid19-radiography-database/COVID-19_Radiography_Dataset/Lung_Opacity/images/Lung_Opacity-3172.png,Lung_Opacity,Lung_Opacity,0.0015467131743207574,0.9834935665130615,0.014236561954021454,0.0007232046336866915,,,
/kaggle/input/datasets/tawsifurrahman/covid19-radiography-database/COVID-19_Radiography_Dataset/Lung_Opacity/images/Lung_Opacity-3187.png,Lung_Opacity,Lung_Opacity,0.03313309699296951,0.9603282809257507,0.006266322918236256,0.00027218495961278677,,0.12331559509038925,0.12331559509038925
/kaggle/input/datasets/tawsifurrahman/covid19-radiography-database/COVID-19_Radiography_Dataset/Lung_Opacity/images/Lung_Opacity-3188.png,Lung_Opacity,Lung_Opacity,5.327234248397872e-05,0.9916582703590393,0.00828804075717926,3.6071142517357657e-07,,,
/kaggle/input/datasets/tawsifurrahman/covid19-radiography-database/COVID-19_Radiography_Dataset/Lung_Opacity/images/Lung_Opacity-3189.png,Lung_Opacity,Lung_Opacity,3.631751724242349e-06,0.9984586238861084,0.001537614967674017,1.5417766974223923e-07,,0.26726236939430237,0.26726236939430237
/kaggle/input/datasets/tawsifurrahman/covid19-radiography-database/COVID-19_Radiography_Dataset/Lung_Opacity/images/Lung_Opacity-319.png,Lung_Opacity,Lung_Opacity,0.0020997789688408375,0.7396405339241028,0.25825610756874084,3.54045528183633e-06,,0.10834529250860214,0.10834529250860214
/kaggle/input/datasets/tawsifurrahman/covid19-radiography-database/COVID-19_Radiography_Dataset/Lung_Opacity/images/Lung_Opacity-3195.png,Lung_Opacity,Lung_Opacity,0.0026217291597276926,0.878233015537262,0.11909947544336319,4.578859079629183e-05,,,
/kaggle/input/datasets/tawsifurrahman/covid19-radiography-database/COVID-19_Radiography_Dataset/Lung_Opacity/images/Lung_Opacity-32.png,Lung_Opacity,Lung_Opacity,0.028269147500395775,0.9637173414230347,0.008010626770555973,2.837264219124336e-06,,0.2552395462989807,0.2552395462989807
/kaggle/input/datasets/tawsifurrahman/covid19-radiography-database/COVID-19_Radiography_Dataset/Lung_Opacity/images/Lung_Opacity-3201.png,Lung_Opacity,Lung_Opacity,0.0005071832565590739,0.9524907469749451,0.04692915081977844,7.28913873899728e-05,,,
/kaggle/input/datasets/tawsifurrahman/covid19-radiography-database/COVID-19_Radiography_Dataset/Lung_Opacity/images/Lung_Opacity-3204.png,Lung_Opacity,COVID,0.7178453803062439,0.24242034554481506,0.03922842815518379,0.0005058759124949574,,0.2074689269065857,0.2074689269065857
/kaggle/input/datasets/tawsifurrahman/covid19-radiography-database/COVID-19_Radiography_Dataset/Lung_Opacity/images/Lung_Opacity-3218.png,Lung_Opacity,Lung_Opacity,0.3471308648586273,0.6527977585792542,5.2915303967893124e-05,1.84305044967914e-05,,,
/kaggle/input/datasets/tawsifurrahman/covid19-radiography-database/COVID-19_Radiography_Dataset/Lung_Opacity/images/Lung_Opacity-3219.png,Lung_Opacity,Lung_Opacity,0.00036065650056116283,0.5576539039611816,0.4419838488101959,1.6576113921473734e-06,,0.19082003831863403,0.19082003831863403
/kaggle/input/datasets/tawsifurrahman/covid19-radiography-database/COVID-19_Radiography_Dataset/Lung_Opacity/images/Lung_Opacity-3228.png,Lung_Opacity,Lung_Opacity,0.008556187152862549,0.5591354966163635,0.43230512738227844,3.1666365885030245e-06,,,
/kaggle/input/datasets/tawsifurrahman/covid19-radiography-database/COVID-19_Radiography_Dataset/Lung_Opacity/images/Lung_Opacity-3249.png,Lung_Opacity,COVID,0.7154727578163147,0.2610290050506592,0.023374484851956367,0.00012374325888231397,,,
/kaggle/input/datasets/tawsifurrahman/covid19-radiography-database/COVID-19_Radiography_Dataset/Lung_Opacity/images/Lung_Opacity-325.png,Lung_Opacity,Normal,0.0002533952647354454,0.47229278087615967,0.5274535417556763,3.276491895576328e-07,,,
/kaggle/input/datasets/tawsifurrahman/covid19-radiography-database/COVID-19_Radiography_Dataset/Lung_Opacity/images/Lung_Opacity-3253.png,Lung_Opacity,Lung_Opacity,0.27618277072906494,0.5136829018592834,0.20226342976093292,0.007870970293879509,,0.14178159832954407,0.14178159832954407
/kaggle/input/datasets/tawsifurrahman/covid19-radiography-database/COVID-19_Radiography_Dataset/Lung_Opacity/images/Lung_Opacity-3254.png,Lung_Opacity,Lung_Opacity,0.00040365985478274524,0.9387553334236145,0.060834258794784546,6.670468792435713e-06,,0.18123014271259308,0.18123014271259308
/kaggle/input/datasets/tawsifurrahman/covid19-radiography-database/COVID-19_Radiography_Dataset/Lung_Opacity/images/Lung_Opacity-3270.png,Lung_Opacity,Lung_Opacity,4.300256841816008e-05,0.9875054359436035,0.012451386079192162,1.6148261750004167e-07,,,
/kaggle/input/datasets/tawsifurrahman/covid19-radiography-database/COVID-19_Radiography_Dataset/Lung_Opacity/images/Lung_Opacity-3271.png,Lung_Opacity,Lung_Opacity,7.171073229983449e-05,0.9992377758026123,0.0006426426116377115,4.792310210177675e-05,,0.29608476161956787,0.29608476161956787
/kaggle/input/datasets/tawsifurrahman/covid19-radiography-database/COVID-19_Radiography_Dataset/Lung_Opacity/images/Lung_Opacity-3286.png,Lung_Opacity,Lung_Opacity,0.07220414280891418,0.9256023168563843,0.002185293473303318,8.320749657286797e-06,,,
/kaggle/input/datasets/tawsifurrahman/covid19-radiography-database/COVID-19_Radiography_Dataset/Lung_Opacity/images/Lung_Opacity-3299.png,Lung_Opacity,Lung_Opacity,4.1720772969711106e-07,0.9885706305503845,0.01142880693078041,8.885763236321509e-08,,,
/kaggle/input/datasets/tawsifurrahman/covid19-radiography-database/COVID-19_Radiography_Dataset/Lung_Opacity/images/Lung_Opacity-3301.png,Lung_Opacity,Lung_Opacity,0.04396956413984299,0.5998391509056091,0.3561858534812927,5.4354995882022195e-06,,0.48094338178634644,0.48094338178634644
/kaggle/input/datasets/tawsifurrahman/covid19-radiography-database/COVID-19_Radiography_Dataset/Lung_Opacity/images/Lung_Opacity-3307.png,Lung_Opacity,Lung_Opacity,3.847179323201999e-05,0.9998821020126343,7.844011270208284e-05,9.8703662843036e-07,,,
/kaggle/input/datasets/tawsifurrahman/covid19-radiography-database/COVID-19_Radiography_Dataset/Lung_Opacity/images/Lung_Opacity-3308.png,Lung_Opacity,Lung_Opacity,8.423276085522957e-07,0.9998502731323242,0.00014678944717161357,2.0136349121457897e-06,,,
/kaggle/input/datasets/tawsifurrahman/covid19-radiography-database/COVID-19_Radiography_Dataset/Lung_Opacity/images/Lung_Opacity-3324.png,Lung_Opacity,Normal,0.008915310725569725,0.1257893592119217,0.8634430170059204,0.0018523239996284246,,,
/kaggle/input/datasets/tawsifurrahman/covid19-radiography-database/COVID-19_Radiography_Dataset/Lung_Opacity/images/Lung_Opacity-3327.png,Lung_Opacity,Normal,0.3427054286003113,0.26961565017700195,0.36891230940818787,0.018766602501273155,,,
/kaggle/input/datasets/tawsifurrahman/covid19-radiography-database/COVID-19_Radiography_Dataset/Lung_Opacity/images/Lung_Opacity-3339.png,Lung_Opacity,Lung_Opacity,0.004107478074729443,0.9736142754554749,0.02224193885922432,3.632080552051775e-05,,,
/kaggle/input/datasets/tawsifurrahman/covid19-radiography-database/COVID-19_Radiography_Dataset/Lung_Opacity/images/Lung_Opacity-3345.png,Lung_Opacity,Lung_Opacity,0.4336695075035095,0.4882478713989258,0.07743853330612183,0.0006440260331146419,,,
/kaggle/input/datasets/tawsifurrahman/covid19-radiography-database/COVID-19_Radiography_Dataset/Lung_Opacity/images/Lung_Opacity-3353.png,Lung_Opacity,Normal,5.616139605990611e-05,0.2458997219800949,0.7540425062179565,1.6260030406556325e-06,,,
/kaggle/input/datasets/tawsifurrahman/covid19-radiography-database/COVID-19_Radiography_Dataset/Lung_Opacity/images/Lung_Opacity-3358.png,Lung_Opacity,Lung_Opacity,0.0006748365703970194,0.9976492524147034,0.0016752080991864204,7.368770980065165e-07,,,
/kaggle/input/datasets/tawsifurrahman/covid19-radiography-database/COVID-19_Radiography_Dataset/Lung_Opacity/images/Lung_Opacity-3360.png,Lung_Opacity,Lung_Opacity,0.03342404216527939,0.606044352054596,0.3605267107486725,4.901023203274235e-06,,0.0751798003911972,0.0751798003911972
/kaggle/input/datasets/tawsifurrahman/covid19-radiography-database/COVID-19_Radiography_Dataset/Lung_Opacity/images/Lung_Opacity-3369.png,Lung_Opacity,Lung_Opacity,1.5410250853165053e-05,0.985480010509491,0.014504431746900082,1.077617142186682e-07,,,
/kaggle/input/datasets/tawsifurrahman/covid19-radiography-database/COVID-19_Radiography_Dataset/Lung_Opacity/images/Lung_Opacity-3370.png,Lung_Opacity,Lung_Opacity,1.3584575754066464e-05,0.9999148845672607,7.147827273001894e-05,5.660020363507101e-08,,,
/kaggle/input/datasets/tawsifurrahman/covid19-radiography-database/COVID-19_Radiography_Dataset/Lung_Opacity/images/Lung_Opacity-338.png,Lung_Opacity,Lung_Opacity,5.2281320677138865e-06,0.9984492063522339,0.0015389707405120134,6.560524525411893e-06,,,
/kaggle/input/datasets/tawsifurrahman/covid19-radiography-database/COVID-19_Radiography_Dataset/Lung_Opacity/images/Lung_Opacity-3386.png,Lung_Opacity,Lung_Opacity,1.750663977873046e-05,0.994850218296051,0.005131879355758429,3.4726710396171256e-07,,0.2180902063846588,0.2180902063846588
/kaggle/input/datasets/tawsifurrahman/covid19-radiography-database/COVID-19_Radiography_Dataset/Lung_Opacity/images/Lung_Opacity-3389.png,Lung_Opacity,Lung_Opacity,4.071641160408035e-05,0.9749334454536438,0.024973168969154358,5.261543265078217e-05,,,
/kaggle/input/datasets/tawsifurrahman/covid19-radiography-database/COVID-19_Radiography_Dataset/Lung_Opacity/images/Lung_Opacity-3393.png,Lung_Opacity,Lung_Opacity,0.00024242969811894,0.7620136737823486,0.23774290084838867,9.86876102615497e-07,,,
/kaggle/input/datasets/tawsifurrahman/covid19-radiography-database/COVID-19_Radiography_Dataset/Lung_Opacity/images/Lung_Opacity-3394.png,Lung_Opacity,Normal,0.001801533391699195,0.4217119514942169,0.5764859914779663,5.248327852314105e-07,,,
/kaggle/input/datasets/tawsifurrahman/covid19-radiography-database/COVID-19_Radiography_Dataset/Lung_Opacity/images/Lung_Opacity-3395.png,Lung_Opacity,Normal,0.018733171746134758,0.40357592701911926,0.5776845216751099,6.407797627616674e-06,,,
/kaggle/input/datasets/tawsifurrahman/covid19-radiography-database/COVID-19_Radiography_Dataset/Lung_Opacity/images/Lung_Opacity-3399.png,Lung_Opacity,Lung_Opacity,0.15103544294834137,0.6647794246673584,0.1840837597846985,0.00010136568016605452,,0.24686960875988007,0.24686960875988007
/kaggle/input/datasets/tawsifurrahman/covid19-radiography-database/COVID-19_Radiography_Dataset/Lung_Opacity/images/Lung_Opacity-3408.png,Lung_Opacity,Lung_Opacity,0.0020725505892187357,0.7441772222518921,0.2536501884460449,0.00010008020763052627,,,
/kaggle/input/datasets/tawsifurrahman/covid19-radiography-database/COVID-19_Radiography_Dataset/Lung_Opacity/images/Lung_Opacity-341.png,Lung_Opacity,Lung_Opacity,0.0024886499159038067,0.9953100085258484,0.0021999359596520662,1.4278368780651363e-06,,,
/kaggle/input/datasets/tawsifurrahman/covid19-radiography-database/COVID-19_Radiography_Dataset/Lung_Opacity/images/Lung_Opacity-342.png,Lung_Opacity,Lung_Opacity,0.010932639241218567,0.9852840900421143,0.0037584942765533924,2.4812108676997013e-05,,0.28210222721099854,0.28210222721099854
/kaggle/input/datasets/tawsifurrahman/covid19-radiography-database/COVID-19_Radiography_Dataset/Lung_Opacity/images/Lung_Opacity-3425.png,Lung_Opacity,Lung_Opacity,0.2580573856830597,0.5898390412330627,0.05296706408262253,0.09913653880357742,,,
/kaggle/input/datasets/tawsifurrahman/covid19-radiography-database/COVID-19_Radiography_Dataset/Lung_Opacity/images/Lung_Opacity-3436.png,Lung_Opacity,Lung_Opacity,0.0016871418338268995,0.9943810105323792,0.003883674740791321,4.8248464736388996e-05,,0.32680046558380127,0.32680046558380127
/kaggle/input/datasets/tawsifurrahman/covid19-radiography-database/COVID-19_Radiography_Dataset/Lung_Opacity/images/Lung_Opacity-3449.png,Lung_Opacity,Lung_Opacity,0.0303069818764925,0.9644294381141663,0.005219065584242344,4.443816578714177e-05,,0.30487847328186035,0.30487847328186035
/kaggle/input/datasets/tawsifurrahman/covid19-radiography-database/COVID-19_Radiography_Dataset/Lung_Opacity/images/Lung_Opacity-3453.png,Lung_Opacity,Lung_Opacity,0.004228432197123766,0.995287299156189,0.00048253286513499916,1.6614710602880223e-06,,,
/kaggle/input/datasets/tawsifurrahman/covid19-radiography-database/COVID-19_Radiography_Dataset/Lung_Opacity/images/Lung_Opacity-3456.png,Lung_Opacity,Lung_Opacity,0.0008139968849718571,0.9900637269020081,0.009077539667487144,4.476747926673852e-05,,0.16956207156181335,0.16956207156181335
/kaggle/input/datasets/tawsifurrahman/covid19-radiography-database/COVID-19_Radiography_Dataset/Lung_Opacity/images/Lung_Opacity-3468.png,Lung_Opacity,Lung_Opacity,0.0001516197808086872,0.8154102563858032,0.18431629240512848,0.00012190685083623976,,,
/kaggle/input/datasets/tawsifurrahman/covid19-radiography-database/COVID-19_Radiography_Dataset/Lung_Opacity/images/Lung_Opacity-3470.png,Lung_Opacity,Lung_Opacity,3.7600737414322793e-05,0.8784380555152893,0.12130163609981537,0.00022273293870966882,,,
/kaggle/input/datasets/tawsifurrahman/covid19-radiography-database/COVID-19_Radiography_Dataset/Lung_Opacity/images/Lung_Opacity-3473.png,Lung_Opacity,Lung_Opacity,0.0001407938834745437,0.5131257176399231,0.469567209482193,0.0171662624925375,,,
/kaggle/input/datasets/tawsifurrahman/covid19-radiography-database/COVID-19_Radiography_Dataset/Lung_Opacity/images/Lung_Opacity-3484.png,Lung_Opacity,Lung_Opacity,1.4683084373245947e-05,0.9980251789093018,0.0019601695239543915,6.181127276683185e-10,,,
/kaggle/input/datasets/tawsifurrahman/covid19-radiography-database/COVID-19_Radiography_Dataset/Lung_Opacity/images/Lung_Opacity-3486.png,Lung_Opacity,Lung_Opacity,0.0005187616334296763,0.9981314539909363,0.00134945847094059,3.0585297849938797e-07,,,
/kaggle/input/datasets/tawsifurrahman/covid19-radiography-database/COVID-19_Radiography_Dataset/Lung_Opacity/images/Lung_Opacity-3487.png,Lung_Opacity,Lung_Opacity,0.01899590715765953,0.944851279258728,0.036151494830846786,1.3811420558340615e-06,,,
/kaggle/input/datasets/tawsifurrahman/covid19-radiography-database/COVID-19_Radiography_Dataset/Lung_Opacity/images/Lung_Opacity-3488.png,Lung_Opacity,Normal,0.006832985673099756,0.28706759214401245,0.7057130336761475,0.00038640317507088184,,,
/kaggle/input/datasets/tawsifurrahman/covid19-radiography-database/COVID-19_Radiography_Dataset/Lung_Opacity/images/Lung_Opacity-3502.png,Lung_Opacity,Lung_Opacity,0.00014433446631301194,0.9996060729026794,0.00024965935153886676,1.0316139942290192e-08,,0.2681945860385895,0.2681945860385895
/kaggle/input/datasets/tawsifurrahman/covid19-radiography-database/COVID-19_Radiography_Dataset/Lung_Opacity/images/Lung_Opacity-3503.png,Lung_Opacity,Lung_Opacity,0.00011893422197317705,0.993931770324707,0.005946572404354811,2.7664427761919796e-06,,,
/kaggle/input/datasets/tawsifurrahman/covid19-radiography-database/COVID-19_Radiography_Dataset/Lung_Opacity/images/Lung_Opacity-3504.png,Lung_Opacity,Normal,0.005677179433405399,0.11752210557460785,0.8767850995063782,1.563517434988171e-05,,,
/kaggle/input/datasets/tawsifurrahman/covid19-radiography-database/COVID-19_Radiography_Dataset/Lung_Opacity/images/Lung_Opacity-3505.png,Lung_Opacity,Lung_Opacity,0.0007753504905849695,0.9989761114120483,0.00024798192316666245,5.964201932329161e-07,,,
/kaggle/input/datasets/tawsifurrahman/covid19-radiography-database/COVID-19_Radiography_Dataset/Lung_Opacity/images/Lung_Opacity-3507.png,Lung_Opacity,Lung_Opacity,0.0014586872421205044,0.9972074627876282,0.0013335960684344172,2.701872574562003e-07,,0.16765667498111725,0.16765667498111725
/kaggle/input/datasets/tawsifurrahman/covid19-radiography-database/COVID-19_Radiography_Dataset/Lung_Opacity/images/Lung_Opacity-3508.png,Lung_Opacity,Lung_Opacity,0.006057252641767263,0.9902104139328003,0.0037230118177831173,9.281779057346284e-06,,,
/kaggle/input/datasets/tawsifurrahman/covid19-radiography-database/COVID-19_Radiography_Dataset/Lung_Opacity/images/Lung_Opacity-3509.png,Lung_Opacity,Lung_Opacity,8.007224096218124e-05,0.9998261332511902,8.448430889984593e-05,9.250640687241685e-06,,,
/kaggle/input/datasets/tawsifurrahman/covid19-radiography-database/COVID-19_Radiography_Dataset/Lung_Opacity/images/Lung_Opacity-3517.png,Lung_Opacity,Lung_Opacity,0.00017346514505334198,0.9877095222473145,0.012116624042391777,3.0178122756296943e-07,,,
/kaggle/input/datasets/tawsifurrahman/covid19-radiography-database/COVID-19_Radiography_Dataset/Lung_Opacity/images/Lung_Opacity-3518.png,Lung_Opacity,Lung_Opacity,3.30882670596111e-07,0.9998675584793091,0.00013209105236455798,1.0999212207707387e-08,,,
/kaggle/input/datasets/tawsifurrahman/covid19-radiography-database/COVID-19_Radiography_Dataset/Lung_Opacity/images/Lung_Opacity-352.png,Lung_Opacity,Normal,0.004469046834856272,0.020255157724022865,0.9752746224403381,1.147672264778521e-06,,0.43344566226005554,0.43344566226005554
/kaggle/input/datasets/tawsifurrahman/covid19-radiography-database/COVID-19_Radiography_Dataset/Lung_Opacity/images/Lung_Opacity-3521.png,Lung_Opacity,Lung_Opacity,0.0004222301358822733,0.7970941066741943,0.2021021842956543,0.000381534977350384,,,
/kaggle/input/datasets/tawsifurrahman/covid19-radiography-database/COVID-19_Radiography_Dataset/Lung_Opacity/images/Lung_Opacity-3522.png,Lung_Opacity,Lung_Opacity,0.0005696953739970922,0.9989120960235596,0.000507775810547173,1.046276247507194e-05,,,
/kaggle/input/datasets/tawsifurrahman/covid19-radiography-database/COVID-19_Radiography_Dataset/Lung_Opacity/images/Lung_Opacity-3523.png,Lung_Opacity,Lung_Opacity,0.0004864076618105173,0.9972355961799622,0.002277901628986001,9.646755216863312e-08,,,
/kaggle/input/datasets/tawsifurrahman/covid19-radiography-database/COVID-19_Radiography_Dataset/Lung_Opacity/images/Lung_Opacity-3524.png,Lung_Opacity,Lung_Opacity,0.0001196875236928463,0.988864541053772,0.011006576009094715,9.174917977361474e-06,,0.22018787264823914,0.22018787264823914
/kaggle/input/datasets/tawsifurrahman/covid19-radiography-database/COVID-19_Radiography_Dataset/Lung_Opacity/images/Lung_Opacity-3528.png,Lung_Opacity,Normal,0.0025438920129090548,0.24852684140205383,0.7487589716911316,0.0001702748122625053,,,
/kaggle/input/datasets/tawsifurrahman/covid19-radiography-database/COVID-19_Radiography_Dataset/Lung_Opacity/images/Lung_Opacity-3534.png,Lung_Opacity,Lung_Opacity,3.658510104287416e-05,0.9981482028961182,0.0013782938476651907,0.00043697174987755716,,,
/kaggle/input/datasets/tawsifurrahman/covid19-radiography-database/COVID-19_Radiography_Dataset/Lung_Opacity/images/Lung_Opacity-3544.png,Lung_Opacity,Lung_Opacity,4.058214108226821e-05,0.9988449811935425,0.0011113337241113186,3.0576429708162323e-06,,,
/kaggle/input/datasets/tawsifurrahman/covid19-radiography-database/COVID-19_Radiography_Dataset/Lung_Opacity/images/Lung_Opacity-3548.png,Lung_Opacity,Lung_Opacity,0.001287233317270875,0.9968915581703186,0.0018212524009868503,3.8594329510033276e-08,,,
/kaggle/input/datasets/tawsifurrahman/covid19-radiography-database/COVID-19_Radiography_Dataset/Lung_Opacity/images/Lung_Opacity-3552.png,Lung_Opacity,Lung_Opacity,0.0020303691271692514,0.987370491027832,0.008738299831748009,0.0018608169630169868,,,
/kaggle/input/datasets/tawsifurrahman/covid19-radiography-database/COVID-19_Radiography_Dataset/Lung_Opacity/images/Lung_Opacity-3553.png,Lung_Opacity,Lung_Opacity,0.174991175532341,0.8228321671485901,0.0021685718093067408,8.055357284320053e-06,,,
/kaggle/input/datasets/tawsifurrahman/covid19-radiography-database/COVID-19_Radiography_Dataset/Lung_Opacity/images/Lung_Opacity-3556.png,Lung_Opacity,Lung_Opacity,0.02521156147122383,0.9261797070503235,0.04860655590891838,2.213049128840794e-06,,0.2396068572998047,0.2396068572998047
/kaggle/input/datasets/tawsifurrahman/covid19-radiography-database/COVID-19_Radiography_Dataset/Lung_Opacity/images/Lung_Opacity-3563.png,Lung_Opacity,Lung_Opacity,0.00027426000451669097,0.9364810585975647,0.06324467808008194,2.4738152859526963e-08,,,
/kaggle/input/datasets/tawsifurrahman/covid19-radiography-database/COVID-19_Radiography_Dataset/Lung_Opacity/images/Lung_Opacity-3570.png,Lung_Opacity,Lung_Opacity,0.0055444384925067425,0.9937891364097595,0.0006505862111225724,1.5856285244808532e-05,,,
/kaggle/input/datasets/tawsifurrahman/covid19-radiography-database/COVID-19_Radiography_Dataset/Lung_Opacity/images/Lung_Opacity-3579.png,Lung_Opacity,Lung_Opacity,9.541808140056673e-06,0.9807155132293701,0.01925484649837017,2.0160921849310398e-05,,,
/kaggle/input/datasets/tawsifurrahman/covid19-radiography-database/COVID-19_Radiography_Dataset/Lung_Opacity/images/Lung_Opacity-3585.png,Lung_Opacity,Lung_Opacity,0.0013055737363174558,0.9768481254577637,0.021826203912496567,2.011446122196503e-05,,,
/kaggle/input/datasets/tawsifurrahman/covid19-radiography-database/COVID-19_Radiography_Dataset/Lung_Opacity/images/Lung_Opacity-3587.png,Lung_Opacity,Lung_Opacity,0.001737601007334888,0.9969143867492676,0.0013446451630443335,3.360929895279696e-06,,0.19606801867485046,0.19606801867485046
/kaggle/input/datasets/tawsifurrahman/covid19-radiography-database/COVID-19_Radiography_Dataset/Lung_Opacity/images/Lung_Opacity-360.png,Lung_Opacity,Lung_Opacity,5.164227786735864e-06,0.913875937461853,0.0861186608672142,2.702218182548677e-07,,0.268207848072052,0.268207848072052
/kaggle/input/datasets/tawsifurrahman/covid19-radiography-database/COVID-19_Radiography_Dataset/Lung_Opacity/images/Lung_Opacity-3604.png,Lung_Opacity,Lung_Opacity,0.0007600020617246628,0.9759751558303833,0.021097706630825996,0.002167124766856432,,,
/kaggle/input/datasets/tawsifurrahman/covid19-radiography-database/COVID-19_Radiography_Dataset/Lung_Opacity/images/Lung_Opacity-3623.png,Lung_Opacity,Lung_Opacity,0.0001408694515703246,0.9950870871543884,0.004739873111248016,3.2094045309349895e-05,,,
/kaggle/input/datasets/tawsifurrahman/covid19-radiography-database/COVID-19_Radiography_Dataset/Lung_Opacity/images/Lung_Opacity-363.png,Lung_Opacity,Lung_Opacity,3.3387590519851074e-05,0.998892605304718,0.0010736300610005856,3.4038797025459644e-07,,,
/kaggle/input/datasets/tawsifurrahman/covid19-radiography-database/COVID-19_Radiography_Dataset/Lung_Opacity/images/Lung_Opacity-3631.png,Lung_Opacity,Lung_Opacity,0.002348764566704631,0.9974013566970825,0.00020707235671579838,4.2782805394381285e-05,,0.17121100425720215,0.17121100425720215
/kaggle/input/datasets/tawsifurrahman/covid19-radiography-database/COVID-19_Radiography_Dataset/Lung_Opacity/images/Lung_Opacity-364.png,Lung_Opacity,Lung_Opacity,0.00029340616310946643,0.9985443353652954,0.0011623390018939972,8.044152899344681e-09,,,
/kaggle/input/datasets/tawsifurrahman/covid19-radiography-database/COVID-19_Radiography_Dataset/Lung_Opacity/images/Lung_Opacity-3641.png,Lung_Opacity,Lung_Opacity,0.007702018599957228,0.9883356094360352,0.00396166043356061,7.33591434709524e-07,,0.48174193501472473,0.48174193501472473
/kaggle/input/datasets/tawsifurrahman/covid19-radiography-database/COVID-19_Radiography_Dataset/Lung_Opacity/images/Lung_Opacity-3642.png,Lung_Opacity,Lung_Opacity,7.101504161255434e-05,0.9534163475036621,0.0464835949242115,2.908335045503918e-05,,,
/kaggle/input/datasets/tawsifurrahman/covid19-radiography-database/COVID-19_Radiography_Dataset/Lung_Opacity/images/Lung_Opacity-3646.png,Lung_Opacity,Lung_Opacity,0.2922191023826599,0.6979001760482788,0.009873274713754654,7.478757652279455e-06,,,
/kaggle/input/datasets/tawsifurrahman/covid19-radiography-database/COVID-19_Radiography_Dataset/Lung_Opacity/images/Lung_Opacity-3650.png,Lung_Opacity,Lung_Opacity,7.833722520445008e-06,0.9994562268257141,0.0005246993969194591,1.1140571587020531e-05,,,
/kaggle/input/datasets/tawsifurrahman/covid19-radiography-database/COVID-19_Radiography_Dataset/Lung_Opacity/images/Lung_Opacity-3654.png,Lung_Opacity,Lung_Opacity,0.0004226763849146664,0.9979155659675598,0.0016598362708464265,1.9012348957403447e-06,,0.47467494010925293,0.47467494010925293
/kaggle/input/datasets/tawsifurrahman/covid19-radiography-database/COVID-19_Radiography_Dataset/Lung_Opacity/images/Lung_Opacity-3657.png,Lung_Opacity,Lung_Opacity,0.0002221446920884773,0.9995692372322083,0.00016034393047448248,4.830826583201997e-05,,0.4575372636318207,0.4575372636318207
/kaggle/input/datasets/tawsifurrahman/covid19-radiography-database/COVID-19_Radiography_Dataset/Lung_Opacity/images/Lung_Opacity-3667.png,Lung_Opacity,Lung_Opacity,0.0007815646822564304,0.9976418018341064,0.001574706519022584,1.8766837683870108e-06,,,
/kaggle/input/datasets/tawsifurrahman/covid19-radiography-database/COVID-19_Radiography_Dataset/Lung_Opacity/images/Lung_Opacity-3668.png,Lung_Opacity,Lung_Opacity,0.0023706795182079077,0.9975557327270508,7.317396375583485e-05,3.190493202964717e-07,,,
/kaggle/input/datasets/tawsifurrahman/covid19-radiography-database/COVID-19_Radiography_Dataset/Lung_Opacity/images/Lung_Opacity-367.png,Lung_Opacity,Lung_Opacity,0.00033094207174144685,0.9590979218482971,0.04056903347373009,2.084357902276679e-06,,0.20458388328552246,0.20458388328552246
/kaggle/input/datasets/tawsifurrahman/covid19-radiography-database/COVID-19_Radiography_Dataset/Lung_Opacity/images/Lung_Opacity-3673.png,Lung_Opacity,Lung_Opacity,0.0016556004993617535,0.9937928915023804,0.004551340360194445,6.621996817557374e-08,,0.24753110110759735,0.24753110110759735
/kaggle/input/datasets/tawsifurrahman/covid19-radiography-database/COVID-19_Radiography_Dataset/Lung_Opacity/images/Lung_Opacity-3679.png,Lung_Opacity,Lung_Opacity,0.014466882683336735,0.9822723865509033,0.0032603454310446978,3.163013673201931e-07,,0.2610444724559784,0.2610444724559784
/kaggle/input/datasets/tawsifurrahman/covid19-radiography-database/COVID-19_Radiography_Dataset/Lung_Opacity/images/Lung_Opacity-3694.png,Lung_Opacity,Lung_Opacity,0.0004738822754006833,0.9980096220970154,0.0015147784724831581,1.829604684644437e-06,,0.27874523401260376,0.27874523401260376
/kaggle/input/datasets/tawsifurrahman/covid19-radiography-database/COVID-19_Radiography_Dataset/Lung_Opacity/images/Lung_Opacity-3706.png,Lung_Opacity,Lung_Opacity,0.004287573043256998,0.992071807384491,0.0036148224025964737,2.5778839699341916e-05,,,
/kaggle/input/datasets/tawsifurrahman/covid19-radiography-database/COVID-19_Radiography_Dataset/Lung_Opacity/images/Lung_Opacity-3717.png,Lung_Opacity,Lung_Opacity,7.602906407555565e-05,0.9975922107696533,0.0023312277626246214,6.008867217133229e-07,,0.17537878453731537,0.17537878453731537
/kaggle/input/datasets/tawsifurrahman/covid19-radiography-database/COVID-19_Radiography_Dataset/Lung_Opacity/images/Lung_Opacity-3726.png,Lung_Opacity,Normal,0.05797307565808296,0.09068296104669571,0.8494036197662354,0.0019403243204578757,,,
/kaggle/input/datasets/tawsifurrahman/covid19-radiography-database/COVID-19_Radiography_Dataset/Lung_Opacity/images/Lung_Opacity-3743.png,Lung_Opacity,Lung_Opacity,0.001661609741859138,0.9974709749221802,0.0008611230296082795,6.3523325479764026e-06,,,
/kaggle/input/datasets/tawsifurrahman/covid19-radiography-database/COVID-19_Radiography_Dataset/Lung_Opacity/images/Lung_Opacity-3755.png,Lung_Opacity,Lung_Opacity,0.007641677279025316,0.9167853593826294,0.07556143403053284,1.1637700481514912e-05,,,
/kaggle/input/datasets/tawsifurrahman/covid19-radiography-database/COVID-19_Radiography_Dataset/Lung_Opacity/images/Lung_Opacity-3759.png,Lung_Opacity,Lung_Opacity,1.888385486381594e-05,0.8944554924964905,0.10551635921001434,9.223553206538782e-06,,0.08003884553909302,0.08003884553909302
/kaggle/input/datasets/tawsifurrahman/covid19-radiography-database/COVID-19_Radiography_Dataset/Lung_Opacity/images/Lung_Opacity-3764.png,Lung_Opacity,Lung_Opacity,3.876696064253338e-05,0.9964744448661804,0.003486660309135914,6.679839970047396e-08,,,
/kaggle/input/datasets/tawsifurrahman/covid19-radiography-database/COVID-19_Radiography_Dataset/Lung_Opacity/images/Lung_Opacity-3765.png,Lung_Opacity,Normal,0.00027985969791188836,0.08488485962152481,0.9130370020866394,0.0017982932040467858,,0.22913148999214172,0.22913148999214172
/kaggle/input/datasets/tawsifurrahman/covid19-radiography-database/COVID-19_Radiography_Dataset/Lung_Opacity/images/Lung_Opacity-3767.png,Lung_Opacity,Lung_Opacity,0.006257215980440378,0.9921568632125854,0.00148383853957057,0.00010212251800112426,,,
/kaggle/input/datasets/tawsifurrahman/covid19-radiography-database/COVID-19_Radiography_Dataset/Lung_Opacity/images/Lung_Opacity-3768.png,Lung_Opacity,Lung_Opacity,0.0010548647260293365,0.8930907845497131,0.10585129261016846,3.103929884673562e-06,,0.26528286933898926,0.26528286933898926
/kaggle/input/datasets/tawsifurrahman/covid19-radiography-database/COVID-19_Radiography_Dataset/Lung_Opacity/images/Lung_Opacity-378.png,Lung_Opacity,Lung_Opacity,0.0007846362423151731,0.9909584522247314,0.008247310295701027,9.625966413295828e-06,,,
/kaggle/input/datasets/tawsifurrahman/covid19-radiography-database/COVID-19_Radiography_Dataset/Lung_Opacity/images/Lung_Opacity-3782.png,Lung_Opacity,Lung_Opacity,0.0006447045016102493,0.9575315117835999,0.04182194918394089,1.8760018747343565e-06,,,
/kaggle/input/datasets/tawsifurrahman/covid19-radiography-database/COVID-19_Radiography_Dataset/Lung_Opacity/images/Lung_Opacity-3786.png,Lung_Opacity,Lung_Opacity,0.12377758324146271,0.8561811447143555,0.020021358504891396,1.9898161554010585e-05,,,
/kaggle/input/datasets/tawsifurrahman/covid19-radiography-database/COVID-19_Radiography_Dataset/Lung_Opacity/images/Lung_Opacity-3792.png,Lung_Opacity,Lung_Opacity,4.654966232919833e-06,0.9843006730079651,0.015694495290517807,1.9383264771022368e-07,,0.1390826255083084,0.1390826255083084
/kaggle/input/datasets/tawsifurrahman/covid19-radiography-database/COVID-19_Radiography_Dataset/Lung_Opacity/images/Lung_Opacity-3793.png,Lung_Opacity,Lung_Opacity,0.00024729612050578,0.9907031059265137,0.009045344777405262,4.303708919906057e-06,,,
/kaggle/input/datasets/tawsifurrahman/covid19-radiography-database/COVID-19_Radiography_Dataset/Lung_Opacity/images/Lung_Opacity-3808.png,Lung_Opacity,Lung_Opacity,0.3390780985355377,0.6595794558525085,0.0013233686331659555,1.8996735889231786e-05,,,
/kaggle/input/datasets/tawsifurrahman/covid19-radiography-database/COVID-19_Radiography_Dataset/Lung_Opacity/images/Lung_Opacity-3815.png,Lung_Opacity,Normal,0.0007676352397538722,0.2678821384906769,0.7313342094421387,1.6088999473140575e-05,,,
/kaggle/input/datasets/tawsifurrahman/covid19-radiography-database/COVID-19_Radiography_Dataset/Lung_Opacity/images/Lung_Opacity-3821.png,Lung_Opacity,Lung_Opacity,1.9775145119638182e-05,0.9960610270500183,0.0038651747163385153,5.39681532245595e-05,,0.24133722484111786,0.24133722484111786
/kaggle/input/datasets/tawsifurrahman/covid19-radiography-database/COVID-19_Radiography_Dataset/Lung_Opacity/images/Lung_Opacity-3829.png,Lung_Opacity,Lung_Opacity,0.00025806453777477145,0.998105525970459,0.0016270673368126154,9.222671906172764e-06,,0.23370885848999023,0.23370885848999023
/kaggle/input/datasets/tawsifurrahman/covid19-radiography-database/COVID-19_Radiography_Dataset/Lung_Opacity/images/Lung_Opacity-384.png,Lung_Opacity,Lung_Opacity,0.0007556462078355253,0.9988585710525513,0.000378138676751405,7.630703294125851e-06,,0.4734494984149933,0.4734494984149933
/kaggle/input/datasets/tawsifurrahman/covid19-radiography-database/COVID-19_Radiography_Dataset/Lung_Opacity/images/Lung_Opacity-3845.png,Lung_Opacity,Lung_Opacity,0.0009518238948658109,0.9876410365104675,0.011400280520319939,6.86171506458777e-06,,,
/kaggle/input/datasets/tawsifurrahman/covid19-radiography-database/COVID-19_Radiography_Dataset/Lung_Opacity/images/Lung_Opacity-3853.png,Lung_Opacity,Lung_Opacity,8.95276534720324e-05,0.8181758522987366,0.18173398077487946,6.740657454429311e-07,,,
/kaggle/input/datasets/tawsifurrahman/covid19-radiography-database/COVID-19_Radiography_Dataset/Lung_Opacity/images/Lung_Opacity-3855.png,Lung_Opacity,Normal,0.01246356125921011,0.04819641262292862,0.939328670501709,1.1349223314027768e-05,,,
/kaggle/input/datasets/tawsifurrahman/covid19-radiography-database/COVID-19_Radiography_Dataset/Lung_Opacity/images/Lung_Opacity-3870.png,Lung_Opacity,Lung_Opacity,0.09511689096689224,0.899742603302002,0.005134088918566704,6.422370461223181e-06,,,
/kaggle/input/datasets/tawsifurrahman/covid19-radiography-database/COVID-19_Radiography_Dataset/Lung_Opacity/images/Lung_Opacity-3873.png,Lung_Opacity,Lung_Opacity,0.03962381184101105,0.945766806602478,0.011808686889708042,0.0028006446082144976,,0.35175472497940063,0.35175472497940063
/kaggle/input/datasets/tawsifurrahman/covid19-radiography-database/COVID-19_Radiography_Dataset/Lung_Opacity/images/Lung_Opacity-3877.png,Lung_Opacity,Lung_Opacity,0.03357558697462082,0.917449951171875,0.048960812389850616,1.36569769892958e-05,,0.2219962179660797,0.2219962179660797
/kaggle/input/datasets/tawsifurrahman/covid19-radiography-database/COVID-19_Radiography_Dataset/Lung_Opacity/images/Lung_Opacity-3879.png,Lung_Opacity,Lung_Opacity,0.4359677731990814,0.43830376863479614,0.12571144104003906,1.6968198906397447e-05,,,
/kaggle/input/datasets/tawsifurrahman/covid19-radiography-database/COVID-19_Radiography_Dataset/Lung_Opacity/images/Lung_Opacity-3890.png,Lung_Opacity,Normal,0.004261247348040342,0.20650112628936768,0.7889907956123352,0.00024680394562892616,,,
/kaggle/input/datasets/tawsifurrahman/covid19-radiography-database/COVID-19_Radiography_Dataset/Lung_Opacity/images/Lung_Opacity-3892.png,Lung_Opacity,Normal,0.1253536194562912,0.3611311912536621,0.510649561882019,0.002865604590624571,,0.2999211251735687,0.2999211251735687
/kaggle/input/datasets/tawsifurrahman/covid19-radiography-database/COVID-19_Radiography_Dataset/Lung_Opacity/images/Lung_Opacity-3894.png,Lung_Opacity,Lung_Opacity,0.00027533952379599214,0.9990081191062927,0.0007158627267926931,7.598884508297488e-07,,0.2877832353115082,0.2877832353115082
/kaggle/input/datasets/tawsifurrahman/covid19-radiography-database/COVID-19_Radiography_Dataset/Lung_Opacity/images/Lung_Opacity-3895.png,Lung_Opacity,Lung_Opacity,0.0005358057096600533,0.9534910321235657,0.04596769064664841,5.488112492457731e-06,,0.25998082756996155,0.25998082756996155
/kaggle/input/datasets/tawsifurrahman/covid19-radiography-database/COVID-19_Radiography_Dataset/Lung_Opacity/images/Lung_Opacity-3896.png,Lung_Opacity,Lung_Opacity,0.01567039266228676,0.9566109776496887,0.027710117399692535,8.38787127577234e-06,,,
/kaggle/input/datasets/tawsifurrahman/covid19-radiography-database/COVID-19_Radiography_Dataset/Lung_Opacity/images/Lung_Opacity-3898.png,Lung_Opacity,Lung_Opacity,0.26147177815437317,0.5958353281021118,0.1425052285194397,0.00018767081201076508,,0.22470934689044952,0.22470934689044952
/kaggle/input/datasets/tawsifurrahman/covid19-radiography-database/COVID-19_Radiography_Dataset/Lung_Opacity/images/Lung_Opacity-3899.png,Lung_Opacity,Lung_Opacity,0.02046656608581543,0.8048904538154602,0.17460830509662628,3.4646407584659755e-05,,,
/kaggle/input/datasets/tawsifurrahman/covid19-radiography-database/COVID-19_Radiography_Dataset/Lung_Opacity/images/Lung_Opacity-39.png,Lung_Opacity,Lung_Opacity,0.0033831163309514523,0.9595086574554443,0.03710552677512169,2.6935422283713706e-06,,,
/kaggle/input/datasets/tawsifurrahman/covid19-radiography-database/COVID-19_Radiography_Dataset/Lung_Opacity/images/Lung_Opacity-3902.png,Lung_Opacity,Lung_Opacity,0.004767857491970062,0.971859335899353,0.02337283082306385,2.218142114429611e-08,,,
/kaggle/input/datasets/tawsifurrahman/covid19-radiography-database/COVID-19_Radiography_Dataset/Lung_Opacity/images/Lung_Opacity-3903.png,Lung_Opacity,Lung_Opacity,0.05996505916118622,0.8857395648956299,0.05388167127966881,0.00041364648495800793,,,
/kaggle/input/datasets/tawsifurrahman/covid19-radiography-database/COVID-19_Radiography_Dataset/Lung_Opacity/images/Lung_Opacity-3908.png,Lung_Opacity,Lung_Opacity,0.31296858191490173,0.6862487196922302,0.0003879489377140999,0.000394692673580721,,0.35276490449905396,0.35276490449905396
/kaggle/input/datasets/tawsifurrahman/covid19-radiography-database/COVID-19_Radiography_Dataset/Lung_Opacity/images/Lung_Opacity-3912.png,Lung_Opacity,Lung_Opacity,0.00021131118410266936,0.8634341359138489,0.13631105422973633,4.3548683606786653e-05,,,
/kaggle/input/datasets/tawsifurrahman/covid19-radiography-database/COVID-19_Radiography_Dataset/Lung_Opacity/images/Lung_Opacity-3920.png,Lung_Opacity,Lung_Opacity,0.0009157293243333697,0.9983798265457153,0.0007034819573163986,9.86015265880269e-07,,,
/kaggle/input/datasets/tawsifurrahman/covid19-radiography-database/COVID-19_Radiography_Dataset/Lung_Opacity/images/Lung_Opacity-3923.png,Lung_Opacity,Lung_Opacity,0.03218981251120567,0.9572041630744934,0.01059675868600607,9.240096915164031e-06,,,
/kaggle/input/datasets/tawsifurrahman/covid19-radiography-database/COVID-19_Radiography_Dataset/Lung_Opacity/images/Lung_Opacity-3924.png,Lung_Opacity,Lung_Opacity,0.001743642962537706,0.9694927930831909,0.0287188608199358,4.4702326704282314e-05,,,
/kaggle/input/datasets/tawsifurrahman/covid19-radiography-database/COVID-19_Radiography_Dataset/Lung_Opacity/images/Lung_Opacity-3927.png,Lung_Opacity,Normal,0.0015133614651858807,0.483231782913208,0.5152546763420105,1.3841965085248376e-07,,0.30222398042678833,0.30222398042678833
/kaggle/input/datasets/tawsifurrahman/covid19-radiography-database/COVID-19_Radiography_Dataset/Lung_Opacity/images/Lung_Opacity-3929.png,Lung_Opacity,Lung_Opacity,3.753214332391508e-05,0.9572586417198181,0.042666420340538025,3.7408361095003784e-05,,,
/kaggle/input/datasets/tawsifurrahman/covid19-radiography-database/COVID-19_Radiography_Dataset/Lung_Opacity/images/Lung_Opacity-3931.png,Lung_Opacity,Lung_Opacity,7.016524614300579e-05,0.976403534412384,0.023521654307842255,4.6886316340533085e-06,,0.23610751330852509,0.23610751330852509
/kaggle/input/datasets/tawsifurrahman/covid19-radiography-database/COVID-19_Radiography_Dataset/Lung_Opacity/images/Lung_Opacity-3935.png,Lung_Opacity,Lung_Opacity,6.41224869468715e-06,0.9606260061264038,0.03936748579144478,9.94488544847627e-08,,0.19102951884269714,0.19102951884269714
/kaggle/input/datasets/tawsifurrahman/covid19-radiography-database/COVID-19_Radiography_Dataset/Lung_Opacity/images/Lung_Opacity-3940.png,Lung_Opacity,Lung_Opacity,0.00011202524183318019,0.9194247722625732,0.0788646787405014,0.0015985588543117046,,,
/kaggle/input/datasets/tawsifurrahman/covid19-radiography-database/COVID-19_Radiography_Dataset/Lung_Opacity/images/Lung_Opacity-3942.png,Lung_Opacity,Lung_Opacity,0.0632631778717041,0.9106044173240662,0.02532029338181019,0.0008120672428049147,,0.24974286556243896,0.24974286556243896
/kaggle/input/datasets/tawsifurrahman/covid19-radiography-database/COVID-19_Radiography_Dataset/Lung_Opacity/images/Lung_Opacity-3945.png,Lung_Opacity,Lung_Opacity,2.9488444852177054e-05,0.9851987957954407,0.014768499881029129,3.270100705776713e-06,,,
/kaggle/input/datasets/tawsifurrahman/covid19-radiography-database/COVID-19_Radiography_Dataset/Lung_Opacity/images/Lung_Opacity-3947.png,Lung_Opacity,Lung_Opacity,3.580525174129434e-07,0.8953351378440857,0.10466045141220093,4.036420250486117e-06,,,
/kaggle/input/datasets/tawsifurrahman/covid19-radiography-database/COVID-19_Radiography_Dataset/Lung_Opacity/images/Lung_Opacity-3956.png,Lung_Opacity,Normal,0.00010626712901284918,0.39588791131973267,0.6040005087852478,5.269177563604899e-06,,,
/kaggle/input/datasets/tawsifurrahman/covid19-radiography-database/COVID-19_Radiography_Dataset/Lung_Opacity/images/Lung_Opacity-396.png,Lung_Opacity,Lung_Opacity,0.0013417652808129787,0.9840499758720398,0.013755382038652897,0.0008527754107490182,,0.31202712655067444,0.31202712655067444
/kaggle/input/datasets/tawsifurrahman/covid19-radiography-database/COVID-19_Radiography_Dataset/Lung_Opacity/images/Lung_Opacity-3963.png,Lung_Opacity,Lung_Opacity,5.54403823116445e-06,0.9982511401176453,0.0017335467273369431,9.73903024714673e-06,,,
/kaggle/input/datasets/tawsifurrahman/covid19-radiography-database/COVID-19_Radiography_Dataset/Lung_Opacity/images/Lung_Opacity-3970.png,Lung_Opacity,COVID,0.5456236004829407,0.4440796971321106,0.0101252356544137,0.0001714778773020953,,,
/kaggle/input/datasets/tawsifurrahman/covid19-radiography-database/COVID-19_Radiography_Dataset/Lung_Opacity/images/Lung_Opacity-3972.png,Lung_Opacity,Lung_Opacity,0.000261014822172001,0.9995179176330566,0.00022026404622010887,8.899607450985059e-07,,,
/kaggle/input/datasets/tawsifurrahman/covid19-radiography-database/COVID-19_Radiography_Dataset/Lung_Opacity/images/Lung_Opacity-3977.png,Lung_Opacity,Lung_Opacity,5.899950338061899e-05,0.9963477253913879,0.003591874847188592,1.4563270269718487e-06,,0.139395073056221,0.139395073056221
/kaggle/input/datasets/tawsifurrahman/covid19-radiography-database/COVID-19_Radiography_Dataset/Lung_Opacity/images/Lung_Opacity-3981.png,Lung_Opacity,Normal,0.009238145314157009,0.3933682441711426,0.5973817110061646,1.1847658242913894e-05,,0.3397751450538635,0.3397751450538635
/kaggle/input/datasets/tawsifurrahman/covid19-radiography-database/COVID-19_Radiography_Dataset/Lung_Opacity/images/Lung_Opacity-3986.png,Lung_Opacity,Lung_Opacity,0.00040928859380073845,0.8282635807991028,0.1713251918554306,1.9501251244946616e-06,,,
/kaggle/input/datasets/tawsifurrahman/covid19-radiography-database/COVID-19_Radiography_Dataset/Lung_Opacity/images/Lung_Opacity-3993.png,Lung_Opacity,Lung_Opacity,0.2583011984825134,0.6807252168655396,0.06097286567091942,7.288127221727336e-07,,,
/kaggle/input/datasets/tawsifurrahman/covid19-radiography-database/COVID-19_Radiography_Dataset/Lung_Opacity/images/Lung_Opacity-4004.png,Lung_Opacity,Lung_Opacity,1.398639869876206e-05,0.9998065829277039,0.0001793218543753028,6.703916000105892e-08,,,
/kaggle/input/datasets/tawsifurrahman/covid19-radiography-database/COVID-19_Radiography_Dataset/Lung_Opacity/images/Lung_Opacity-4005.png,Lung_Opacity,Normal,0.007102842442691326,0.048215921968221664,0.9446805119514465,7.347045425376564e-07,,0.3416476547718048,0.3416476547718048
/kaggle/input/datasets/tawsifurrahman/covid19-radiography-database/COVID-19_Radiography_Dataset/Lung_Opacity/images/Lung_Opacity-4006.png,Lung_Opacity,Lung_Opacity,6.844819290563464e-05,0.975304901599884,0.024607989937067032,1.871415770438034e-05,,,
/kaggle/input/datasets/tawsifurrahman/covid19-radiography-database/COVID-19_Radiography_Dataset/Lung_Opacity/images/Lung_Opacity-4007.png,Lung_Opacity,Lung_Opacity,0.0005183678003959358,0.7035006284713745,0.2959810197353363,6.3043450460043005e-09,,,
/kaggle/input/datasets/tawsifurrahman/covid19-radiography-database/COVID-19_Radiography_Dataset/Lung_Opacity/images/Lung_Opacity-402.png,Lung_Opacity,Lung_Opacity,3.8415259041357785e-05,0.9382520914077759,0.06168035417795181,2.9052609534119256e-05,,0.1557883471250534,0.1557883471250534
/kaggle/input/datasets/tawsifurrahman/covid19-radiography-database/COVID-19_Radiography_Dataset/Lung_Opacity/images/Lung_Opacity-4020.png,Lung_Opacity,Lung_Opacity,0.0010840472532436252,0.9982994198799133,0.0006158313481137156,6.774590701752459e-07,,,
/kaggle/input/datasets/tawsifurrahman/covid19-radiography-database/COVID-19_Radiography_Dataset/Lung_Opacity/images/Lung_Opacity-4026.png,Lung_Opacity,Normal,0.0005727870739065111,0.4836406111717224,0.5145729780197144,0.0012136099394410849,,,
/kaggle/input/datasets/tawsifurrahman/covid19-radiography-database/COVID-19_Radiography_Dataset/Lung_Opacity/images/Lung_Opacity-4028.png,Lung_Opacity,Lung_Opacity,0.0001240121346199885,0.8689057230949402,0.13096193969249725,8.327865543833468e-06,,,
/kaggle/input/datasets/tawsifurrahman/covid19-radiography-database/COVID-19_Radiography_Dataset/Lung_Opacity/images/Lung_Opacity-4034.png,Lung_Opacity,Lung_Opacity,1.5495152183575556e-05,0.9190198183059692,0.08096423000097275,4.85736620703392e-07,,,
/kaggle/input/datasets/tawsifurrahman/covid19-radiography-database/COVID-19_Radiography_Dataset/Lung_Opacity/images/Lung_Opacity-4044.png,Lung_Opacity,Normal,1.810025605664123e-05,0.30128270387649536,0.6986984610557556,7.805231803104107e-07,,,
/kaggle/input/datasets/tawsifurrahman/covid19-radiography-database/COVID-19_Radiography_Dataset/Lung_Opacity/images/Lung_Opacity-4045.png,Lung_Opacity,Lung_Opacity,0.007683898787945509,0.8383303284645081,0.15397675335407257,9.126109034696128e-06,,0.17607147991657257,0.17607147991657257
/kaggle/input/datasets/tawsifurrahman/covid19-radiography-database/COVID-19_Radiography_Dataset/Lung_Opacity/images/Lung_Opacity-405.png,Lung_Opacity,Lung_Opacity,0.0025396684650331736,0.9633962512016296,0.034015435725450516,4.8641661123838276e-05,,,
/kaggle/input/datasets/tawsifurrahman/covid19-radiography-database/COVID-19_Radiography_Dataset/Lung_Opacity/images/Lung_Opacity-4057.png,Lung_Opacity,Lung_Opacity,0.00015579907631035894,0.9332495927810669,0.06659436225891113,1.9985611743322806e-07,,,
/kaggle/input/datasets/tawsifurrahman/covid19-radiography-database/COVID-19_Radiography_Dataset/Lung_Opacity/images/Lung_Opacity-4066.png,Lung_Opacity,Lung_Opacity,0.010000385344028473,0.940486490726471,0.04950356483459473,9.482899258728139e-06,,0.3458693027496338,0.3458693027496338
/kaggle/input/datasets/tawsifurrahman/covid19-radiography-database/COVID-19_Radiography_Dataset/Lung_Opacity/images/Lung_Opacity-4067.png,Lung_Opacity,Lung_Opacity,1.6456220919280895e-06,0.9985041618347168,0.0014937057858332992,4.704285458956292e-07,,,
/kaggle/input/datasets/tawsifurrahman/covid19-radiography-database/COVID-19_Radiography_Dataset/Lung_Opacity/images/Lung_Opacity-4071.png,Lung_Opacity,Lung_Opacity,0.0025960817001760006,0.9631376266479492,0.034256648272275925,9.595303708920255e-06,,0.1666695475578308,0.1666695475578308
/kaggle/input/datasets/tawsifurrahman/covid19-radiography-database/COVID-19_Radiography_Dataset/Lung_Opacity/images/Lung_Opacity-4073.png,Lung_Opacity,Lung_Opacity,0.00010930186545010656,0.9938562512397766,0.006033917888998985,5.324164362718875e-07,,,
/kaggle/input/datasets/tawsifurrahman/covid19-radiography-database/COVID-19_Radiography_Dataset/Lung_Opacity/images/Lung_Opacity-408.png,Lung_Opacity,Lung_Opacity,0.02424975298345089,0.9706756472587585,0.005068440921604633,6.119052159192506e-06,,,
/kaggle/input/datasets/tawsifurrahman/covid19-radiography-database/COVID-19_Radiography_Dataset/Lung_Opacity/images/Lung_Opacity-4081.png,Lung_Opacity,Lung_Opacity,0.008964081294834614,0.6036510467529297,0.3873704969882965,1.4382982953975443e-05,,0.0636066347360611,0.0636066347360611
/kaggle/input/datasets/tawsifurrahman/covid19-radiography-database/COVID-19_Radiography_Dataset/Lung_Opacity/images/Lung_Opacity-4082.png,Lung_Opacity,Lung_Opacity,0.0011139432899653912,0.9819548726081848,0.016930855810642242,3.222001510039263e-07,,,
/kaggle/input/datasets/tawsifurrahman/covid19-radiography-database/COVID-19_Radiography_Dataset/Lung_Opacity/images/Lung_Opacity-4086.png,Lung_Opacity,Normal,4.3525928049348295e-05,0.04203744977712631,0.957901656627655,1.7375845345668495e-05,,0.4260593354701996,0.4260593354701996
/kaggle/input/datasets/tawsifurrahman/covid19-radiography-database/COVID-19_Radiography_Dataset/Lung_Opacity/images/Lung_Opacity-4094.png,Lung_Opacity,Normal,0.006950533017516136,0.133829727768898,0.859112024307251,0.00010772832320071757,,0.31260454654693604,0.31260454654693604
/kaggle/input/datasets/tawsifurrahman/covid19-radiography-database/COVID-19_Radiography_Dataset/Lung_Opacity/images/Lung_Opacity-4103.png,Lung_Opacity,Lung_Opacity,0.004552135244011879,0.8260881304740906,0.169294074177742,6.562035559909418e-05,,0.3485161066055298,0.3485161066055298
/kaggle/input/datasets/tawsifurrahman/covid19-radiography-database/COVID-19_Radiography_Dataset/Lung_Opacity/images/Lung_Opacity-4114.png,Lung_Opacity,Lung_Opacity,0.0011621670564636588,0.5816119909286499,0.4172240197658539,1.802645783754997e-06,,,
/kaggle/input/datasets/tawsifurrahman/covid19-radiography-database/COVID-19_Radiography_Dataset/Lung_Opacity/images/Lung_Opacity-4128.png,Lung_Opacity,Lung_Opacity,3.9914189983392134e-05,0.9979077577590942,0.00205230969004333,5.922104051592214e-08,,,
/kaggle/input/datasets/tawsifurrahman/covid19-radiography-database/COVID-19_Radiography_Dataset/Lung_Opacity/images/Lung_Opacity-4129.png,Lung_Opacity,Lung_Opacity,0.40347209572792053,0.5945058465003967,0.0019504399970173836,7.164320413721725e-05,,,
/kaggle/input/datasets/tawsifurrahman/covid19-radiography-database/COVID-19_Radiography_Dataset/Lung_Opacity/images/Lung_Opacity-4134.png,Lung_Opacity,Lung_Opacity,0.0021448361221700907,0.9354702830314636,0.06238434463739395,5.544083592212701e-07,,,
/kaggle/input/datasets/tawsifurrahman/covid19-radiography-database/COVID-19_Radiography_Dataset/Lung_Opacity/images/Lung_Opacity-4160.png,Lung_Opacity,Lung_Opacity,0.016733583062887192,0.8305276036262512,0.15224996209144592,0.0004887501709163189,,,
/kaggle/input/datasets/tawsifurrahman/covid19-radiography-database/COVID-19_Radiography_Dataset/Lung_Opacity/images/Lung_Opacity-4163.png,Lung_Opacity,Normal,0.00024461798602715135,0.08957543969154358,0.9101442098617554,3.567147359717637e-05,,,
/kaggle/input/datasets/tawsifurrahman/covid19-radiography-database/COVID-19_Radiography_Dataset/Lung_Opacity/images/Lung_Opacity-419.png,Lung_Opacity,Lung_Opacity,0.0005676635773852468,0.9336391687393188,0.06573908776044846,5.407632852438837e-05,,0.2765773832798004,0.2765773832798004
/kaggle/input/datasets/tawsifurrahman/covid19-radiography-database/COVID-19_Radiography_Dataset/Lung_Opacity/images/Lung_Opacity-4195.png,Lung_Opacity,Lung_Opacity,0.1071639433503151,0.8716603517532349,0.02099301852285862,0.00018266715051140636,,,
/kaggle/input/datasets/tawsifurrahman/covid19-radiography-database/COVID-19_Radiography_Dataset/Lung_Opacity/images/Lung_Opacity-4198.png,Lung_Opacity,Normal,0.0011304588988423347,0.14859417080879211,0.8502686023712158,6.783688149880618e-06,,,
/kaggle/input/datasets/tawsifurrahman/covid19-radiography-database/COVID-19_Radiography_Dataset/Lung_Opacity/images/Lung_Opacity-4202.png,Lung_Opacity,Normal,0.006537358742207289,0.0718374103307724,0.9215277433395386,9.74792055785656e-05,,,
/kaggle/input/datasets/tawsifurrahman/covid19-radiography-database/COVID-19_Radiography_Dataset/Lung_Opacity/images/Lung_Opacity-4205.png,Lung_Opacity,Lung_Opacity,0.0065421597100794315,0.94111567735672,0.04946386069059372,0.002878352766856551,,,
/kaggle/input/datasets/tawsifurrahman/covid19-radiography-database/COVID-19_Radiography_Dataset/Lung_Opacity/images/Lung_Opacity-4220.png,Lung_Opacity,Lung_Opacity,0.0018216606695204973,0.8356385231018066,0.16249363124370575,4.6231325541157275e-05,,,
/kaggle/input/datasets/tawsifurrahman/covid19-radiography-database/COVID-19_Radiography_Dataset/Lung_Opacity/images/Lung_Opacity-4223.png,Lung_Opacity,Lung_Opacity,3.0955325200920925e-05,0.9975878000259399,0.0023811866994947195,7.735702212130491e-08,,,
/kaggle/input/datasets/tawsifurrahman/covid19-radiography-database/COVID-19_Radiography_Dataset/Lung_Opacity/images/Lung_Opacity-4227.png,Lung_Opacity,Lung_Opacity,0.0034509096294641495,0.9443178772926331,0.05223004147410393,1.1718424275386496e-06,,,
/kaggle/input/datasets/tawsifurrahman/covid19-radiography-database/COVID-19_Radiography_Dataset/Lung_Opacity/images/Lung_Opacity-4230.png,Lung_Opacity,Lung_Opacity,9.323214271717006e-07,0.8760063648223877,0.12364599853754044,0.0003467225469648838,,,
/kaggle/input/datasets/tawsifurrahman/covid19-radiography-database/COVID-19_Radiography_Dataset/Lung_Opacity/images/Lung_Opacity-4238.png,Lung_Opacity,Lung_Opacity,0.0041418420150876045,0.9932768940925598,0.0012432495132088661,0.0013379870215430856,,,
/kaggle/input/datasets/tawsifurrahman/covid19-radiography-database/COVID-19_Radiography_Dataset/Lung_Opacity/images/Lung_Opacity-4241.png,Lung_Opacity,Lung_Opacity,0.000728184764739126,0.9117562770843506,0.087513767182827,1.7829829630500171e-06,,0.1105271726846695,0.1105271726846695
/kaggle/input/datasets/tawsifurrahman/covid19-radiography-database/COVID-19_Radiography_Dataset/Lung_Opacity/images/Lung_Opacity-4256.png,Lung_Opacity,Lung_Opacity,0.02500522881746292,0.8293982744216919,0.14555300772190094,4.3469313823152333e-05,,,
/kaggle/input/datasets/tawsifurrahman/covid19-radiography-database/COVID-19_Radiography_Dataset/Lung_Opacity/images/Lung_Opacity-4259.png,Lung_Opacity,Lung_Opacity,0.0019422518089413643,0.9972659349441528,0.0007916949689388275,7.727691553327531e-08,,0.32916054129600525,0.32916054129600525
/kaggle/input/datasets/tawsifurrahman/covid19-radiography-database/COVID-19_Radiography_Dataset/Lung_Opacity/images/Lung_Opacity-426.png,Lung_Opacity,Normal,0.014857458882033825,0.439776211977005,0.5453040599822998,6.22170846327208e-05,,0.17167767882347107,0.17167767882347107
/kaggle/input/datasets/tawsifurrahman/covid19-radiography-database/COVID-19_Radiography_Dataset/Lung_Opacity/images/Lung_Opacity-4262.png,Lung_Opacity,Lung_Opacity,0.028590841218829155,0.852516233921051,0.1060393899679184,0.01285357866436243,,,
/kaggle/input/datasets/tawsifurrahman/covid19-radiography-database/COVID-19_Radiography_Dataset/Lung_Opacity/images/Lung_Opacity-4265.png,Lung_Opacity,Lung_Opacity,0.062385138124227524,0.569232165813446,0.3682694733142853,0.00011319193436065689,,,
/kaggle/input/datasets/tawsifurrahman/covid19-radiography-database/COVID-19_Radiography_Dataset/Lung_Opacity/images/Lung_Opacity-427.png,Lung_Opacity,Lung_Opacity,0.0009632410365156829,0.6987777948379517,0.3002578020095825,1.158883151219925e-06,,,
/kaggle/input/datasets/tawsifurrahman/covid19-radiography-database/COVID-19_Radiography_Dataset/Lung_Opacity/images/Lung_Opacity-4273.png,Lung_Opacity,Lung_Opacity,0.004322660621255636,0.7803789377212524,0.21529521048069,3.1700644740340067e-06,,,
/kaggle/input/datasets/tawsifurrahman/covid19-radiography-database/COVID-19_Radiography_Dataset/Lung_Opacity/images/Lung_Opacity-4288.png,Lung_Opacity,Lung_Opacity,5.614817200694233e-05,0.9968209266662598,0.0031228838488459587,1.8630736065006204e-08,,0.3394457995891571,0.3394457995891571
/kaggle/input/datasets/tawsifurrahman/covid19-radiography-database/COVID-19_Radiography_Dataset/Lung_Opacity/images/Lung_Opacity-4290.png,Lung_Opacity,Lung_Opacity,2.1905247194808908e-05,0.9983068704605103,0.0016711860662326217,2.2838396063207256e-08,,,
/kaggle/input/datasets/tawsifurrahman/covid19-radiography-database/COVID-19_Radiography_Dataset/Lung_Opacity/images/Lung_Opacity-4296.png,Lung_Opacity,Lung_Opacity,0.214059516787529,0.6212378740310669,0.16468653082847595,1.6082249203464016e-05,,,
/kaggle/input/datasets/tawsifurrahman/covid19-radiography-database/COVID-19_Radiography_Dataset/Lung_Opacity/images/Lung_Opacity-4297.png,Lung_Opacity,Lung_Opacity,0.0002446344878990203,0.7377315163612366,0.26201528310775757,8.569704732508399e-06,,,
/kaggle/input/datasets/tawsifurrahman/covid19-radiography-database/COVID-19_Radiography_Dataset/Lung_Opacity/images/Lung_Opacity-43.png,Lung_Opacity,Normal,0.0013769001234322786,0.1300889402627945,0.8685089945793152,2.5180088414344937e-05,,,
/kaggle/input/datasets/tawsifurrahman/covid19-radiography-database/COVID-19_Radiography_Dataset/Lung_Opacity/images/Lung_Opacity-4302.png,Lung_Opacity,Lung_Opacity,0.00045822796528227627,0.9217317700386047,0.07773099094629288,7.896901661297306e-05,,,
/kaggle/input/datasets/tawsifurrahman/covid19-radiography-database/COVID-19_Radiography_Dataset/Lung_Opacity/images/Lung_Opacity-4311.png,Lung_Opacity,Lung_Opacity,0.0003687832795549184,0.9265197515487671,0.0731094479560852,1.9342746782058384e-06,,,
/kaggle/input/datasets/tawsifurrahman/covid19-radiography-database/COVID-19_Radiography_Dataset/Lung_Opacity/images/Lung_Opacity-4312.png,Lung_Opacity,Lung_Opacity,2.2611842723563313e-05,0.9980668425559998,0.0019096529576927423,9.340189990325598e-07,,,
/kaggle/input/datasets/tawsifurrahman/covid19-radiography-database/COVID-19_Radiography_Dataset/Lung_Opacity/images/Lung_Opacity-4317.png,Lung_Opacity,Normal,0.00020033748296555132,0.0730825737118721,0.9262554049491882,0.00046173008740879595,,0.3616294860839844,0.3616294860839844
/kaggle/input/datasets/tawsifurrahman/covid19-radiography-database/COVID-19_Radiography_Dataset/Lung_Opacity/images/Lung_Opacity-4328.png,Lung_Opacity,Lung_Opacity,0.0018729399889707565,0.9569103121757507,0.04117291420698166,4.3854015530087054e-05,,,
/kaggle/input/datasets/tawsifurrahman/covid19-radiography-database/COVID-19_Radiography_Dataset/Lung_Opacity/images/Lung_Opacity-4329.png,Lung_Opacity,Lung_Opacity,0.00026209690258838236,0.9872609376907349,0.0124767255038023,2.268539560645877e-07,,,
/kaggle/input/datasets/tawsifurrahman/covid19-radiography-database/COVID-19_Radiography_Dataset/Lung_Opacity/images/Lung_Opacity-4343.png,Lung_Opacity,Normal,0.002635244745761156,0.020970946177840233,0.9763792157173157,1.4585214557882864e-05,,0.36008143424987793,0.36008143424987793
/kaggle/input/datasets/tawsifurrahman/covid19-radiography-database/COVID-19_Radiography_Dataset/Lung_Opacity/images/Lung_Opacity-4345.png,Lung_Opacity,Lung_Opacity,9.463612826721146e-08,0.9877793192863464,0.012220650911331177,4.2474066930253684e-08,,,
/kaggle/input/datasets/tawsifurrahman/covid19-radiography-database/COVID-19_Radiography_Dataset/Lung_Opacity/images/Lung_Opacity-4372.png,Lung_Opacity,Lung_Opacity,0.17202359437942505,0.7581167221069336,0.06929239630699158,0.0005673003615811467,,,
/kaggle/input/datasets/tawsifurrahman/covid19-radiography-database/COVID-19_Radiography_Dataset/Lung_Opacity/images/Lung_Opacity-4382.png,Lung_Opacity,Lung_Opacity,0.00012100547610316426,0.9925998449325562,0.007278989069163799,2.122465758702674e-07,,0.1749647706747055,0.1749647706747055
/kaggle/input/datasets/tawsifurrahman/covid19-radiography-database/COVID-19_Radiography_Dataset/Lung_Opacity/images/Lung_Opacity-4388.png,Lung_Opacity,Lung_Opacity,0.029735427349805832,0.8856173157691956,0.08461478352546692,3.2456391636515036e-05,,,
/kaggle/input/datasets/tawsifurrahman/covid19-radiography-database/COVID-19_Radiography_Dataset/Lung_Opacity/images/Lung_Opacity-4391.png,Lung_Opacity,Lung_Opacity,0.06276311725378036,0.9171744585037231,0.020059319213032722,3.033201437574462e-06,,0.2983282208442688,0.2983282208442688
/kaggle/input/datasets/tawsifurrahman/covid19-radiography-database/COVID-19_Radiography_Dataset/Lung_Opacity/images/Lung_Opacity-4392.png,Lung_Opacity,Lung_Opacity,2.6658406113710953e-06,0.9327021241188049,0.06641460210084915,0.0008806487894617021,,,
/kaggle/input/datasets/tawsifurrahman/covid19-radiography-database/COVID-19_Radiography_Dataset/Lung_Opacity/images/Lung_Opacity-4403.png,Lung_Opacity,Lung_Opacity,0.02220810204744339,0.9772263765335083,0.0005383915267884731,2.7154042982147075e-05,,0.20424437522888184,0.20424437522888184
/kaggle/input/datasets/tawsifurrahman/covid19-radiography-database/COVID-19_Radiography_Dataset/Lung_Opacity/images/Lung_Opacity-4406.png,Lung_Opacity,Normal,0.01485978253185749,0.335775226354599,0.6493544578552246,1.0479838238097727e-05,,,
/kaggle/input/datasets/tawsifurrahman/covid19-radiography-database/COVID-19_Radiography_Dataset/Lung_Opacity/images/Lung_Opacity-4415.png,Lung_Opacity,Normal,0.029977696016430855,0.06595343351364136,0.9040634632110596,5.408016477304045e-06,,,
/kaggle/input/datasets/tawsifurrahman/covid19-radiography-database/COVID-19_Radiography_Dataset/Lung_Opacity/images/Lung_Opacity-4416.png,Lung_Opacity,Lung_Opacity,1.5875953067734372e-06,0.9988138675689697,0.0011845228727906942,1.4910918721966482e-08,,,
/kaggle/input/datasets/tawsifurrahman/covid19-radiography-database/COVID-19_Radiography_Dataset/Lung_Opacity/images/Lung_Opacity-442.png,Lung_Opacity,Lung_Opacity,0.0008931269985623658,0.9728686809539795,0.026232745498418808,5.424595201475313e-06,,,
/kaggle/input/datasets/tawsifurrahman/covid19-radiography-database/COVID-19_Radiography_Dataset/Lung_Opacity/images/Lung_Opacity-4420.png,Lung_Opacity,Lung_Opacity,0.0026791926939040422,0.7899253368377686,0.2073885053396225,6.9798702497791965e-06,,,
/kaggle/input/datasets/tawsifurrahman/covid19-radiography-database/COVID-19_Radiography_Dataset/Lung_Opacity/images/Lung_Opacity-4423.png,Lung_Opacity,Lung_Opacity,4.1468888412055094e-07,0.9884152412414551,0.011584261432290077,5.983014261801145e-08,,,
/kaggle/input/datasets/tawsifurrahman/covid19-radiography-database/COVID-19_Radiography_Dataset/Lung_Opacity/images/Lung_Opacity-4424.png,Lung_Opacity,Lung_Opacity,0.001230374095030129,0.9776654243469238,0.021100975573062897,3.227860588594922e-06,,,
/kaggle/input/datasets/tawsifurrahman/covid19-radiography-database/COVID-19_Radiography_Dataset/Lung_Opacity/images/Lung_Opacity-4425.png,Lung_Opacity,Lung_Opacity,0.011280759237706661,0.6938417553901672,0.2948639690876007,1.3465802112477832e-05,,,
/kaggle/input/datasets/tawsifurrahman/covid19-radiography-database/COVID-19_Radiography_Dataset/Lung_Opacity/images/Lung_Opacity-4429.png,Lung_Opacity,Lung_Opacity,4.494919630815275e-05,0.9901418089866638,0.009691954590380192,0.00012132708070566878,,0.21848708391189575,0.21848708391189575
/kaggle/input/datasets/tawsifurrahman/covid19-radiography-database/COVID-19_Radiography_Dataset/Lung_Opacity/images/Lung_Opacity-4433.png,Lung_Opacity,Normal,0.0008985681342892349,0.3628268837928772,0.6362715363502502,3.012565912285936e-06,,,
/kaggle/input/datasets/tawsifurrahman/covid19-radiography-database/COVID-19_Radiography_Dataset/Lung_Opacity/images/Lung_Opacity-4438.png,Lung_Opacity,Lung_Opacity,5.657146539306268e-05,0.9922298789024353,0.007696294691413641,1.7306714653386734e-05,,,
/kaggle/input/datasets/tawsifurrahman/covid19-radiography-database/COVID-19_Radiography_Dataset/Lung_Opacity/images/Lung_Opacity-4440.png,Lung_Opacity,Lung_Opacity,0.00021479136194102466,0.9877486824989319,0.012002279981970787,3.422120789764449e-05,,,
/kaggle/input/datasets/tawsifurrahman/covid19-radiography-database/COVID-19_Radiography_Dataset/Lung_Opacity/images/Lung_Opacity-4448.png,Lung_Opacity,Lung_Opacity,0.19155636429786682,0.8030086159706116,0.0054316408932209015,3.3236515264434274e-06,,0.219239741563797,0.219239741563797
/kaggle/input/datasets/tawsifurrahman/covid19-radiography-database/COVID-19_Radiography_Dataset/Lung_Opacity/images/Lung_Opacity-4461.png,Lung_Opacity,Lung_Opacity,1.568863808643073e-05,0.988497257232666,0.011486946605145931,8.057931921712225e-08,,,
/kaggle/input/datasets/tawsifurrahman/covid19-radiography-database/COVID-19_Radiography_Dataset/Lung_Opacity/images/Lung_Opacity-4465.png,Lung_Opacity,Lung_Opacity,0.00047707403427921236,0.6417636871337891,0.3577473759651184,1.188032365462277e-05,,0.09149565547704697,0.09149565547704697
/kaggle/input/datasets/tawsifurrahman/covid19-radiography-database/COVID-19_Radiography_Dataset/Lung_Opacity/images/Lung_Opacity-447.png,Lung_Opacity,Lung_Opacity,0.006586264818906784,0.9120282530784607,0.08126819133758545,0.00011734630970750004,,0.21053986251354218,0.21053986251354218
/kaggle/input/datasets/tawsifurrahman/covid19-radiography-database/COVID-19_Radiography_Dataset/Lung_Opacity/images/Lung_Opacity-4478.png,Lung_Opacity,Lung_Opacity,5.161228182259947e-05,0.9747951030731201,0.02515324018895626,1.813620542634453e-08,,,
/kaggle/input/datasets/tawsifurrahman/covid19-radiography-database/COVID-19_Radiography_Dataset/Lung_Opacity/images/Lung_Opacity-4487.png,Lung_Opacity,Lung_Opacity,0.00036635322612710297,0.7946402430534363,0.2049361765384674,5.720206172554754e-05,,,
/kaggle/input/datasets/tawsifurrahman/covid19-radiography-database/COVID-19_Radiography_Dataset/Lung_Opacity/images/Lung_Opacity-4489.png,Lung_Opacity,Lung_Opacity,1.4703189208375989e-06,0.6402292251586914,0.35976919531822205,6.582897782436703e-08,,,
/kaggle/input/datasets/tawsifurrahman/covid19-radiography-database/COVID-19_Radiography_Dataset/Lung_Opacity/images/Lung_Opacity-4502.png,Lung_Opacity,Normal,0.02463279850780964,0.39819684624671936,0.5771647095680237,5.668485755450092e-06,,,
/kaggle/input/datasets/tawsifurrahman/covid19-radiography-database/COVID-19_Radiography_Dataset/Lung_Opacity/images/Lung_Opacity-4505.png,Lung_Opacity,Lung_Opacity,0.0006054388359189034,0.9974944591522217,0.0018952687969431281,4.920127594232326e-06,,0.2856442630290985,0.2856442630290985
/kaggle/input/datasets/tawsifurrahman/covid19-radiography-database/COVID-19_Radiography_Dataset/Lung_Opacity/images/Lung_Opacity-4514.png,Lung_Opacity,Lung_Opacity,0.008612964302301407,0.7127019762992859,0.2786767780780792,8.240065653808415e-06,,,
/kaggle/input/datasets/tawsifurrahman/covid19-radiography-database/COVID-19_Radiography_Dataset/Lung_Opacity/images/Lung_Opacity-4522.png,Lung_Opacity,Lung_Opacity,0.005365358199924231,0.9315769076347351,0.06305219233036041,5.600521944870707e-06,,0.2593685984611511,0.2593685984611511
/kaggle/input/datasets/tawsifurrahman/covid19-radiography-database/COVID-19_Radiography_Dataset/Lung_Opacity/images/Lung_Opacity-453.png,Lung_Opacity,Lung_Opacity,0.02612357586622238,0.6274933815002441,0.34638190269470215,1.1028247399735847e-06,,0.21606938540935516,0.21606938540935516
/kaggle/input/datasets/tawsifurrahman/covid19-radiography-database/COVID-19_Radiography_Dataset/Lung_Opacity/images/Lung_Opacity-4540.png,Lung_Opacity,COVID,0.6345040202140808,0.110566645860672,0.2549290359020233,3.098748777574656e-07,,,
/kaggle/input/datasets/tawsifurrahman/covid19-radiography-database/COVID-19_Radiography_Dataset/Lung_Opacity/images/Lung_Opacity-4545.png,Lung_Opacity,Lung_Opacity,0.0002039437968051061,0.5049154758453369,0.49485141038894653,2.9114362405380234e-05,,,
/kaggle/input/datasets/tawsifurrahman/covid19-radiography-database/COVID-19_Radiography_Dataset/Lung_Opacity/images/Lung_Opacity-4551.png,Lung_Opacity,Lung_Opacity,0.004112116061151028,0.993598222732544,0.0022795640397816896,1.0100870895257685e-05,,0.4091876745223999,0.4091876745223999
/kaggle/input/datasets/tawsifurrahman/covid19-radiography-database/COVID-19_Radiography_Dataset/Lung_Opacity/images/Lung_Opacity-4555.png,Lung_Opacity,Normal,0.0018177700694650412,0.04210945591330528,0.9560718536376953,8.776921731623588e-07,,0.4619903564453125,0.4619903564453125
/kaggle/input/datasets/tawsifurrahman/covid19-radiography-database/COVID-19_Radiography_Dataset/Lung_Opacity/images/Lung_Opacity-4558.png,Lung_Opacity,Lung_Opacity,0.0008302099886350334,0.9990444779396057,0.00010952732554869726,1.5729418009868823e-05,,,
/kaggle/input/datasets/tawsifurrahman/covid19-radiography-database/COVID-19_Radiography_Dataset/Lung_Opacity/images/Lung_Opacity-4564.png,Lung_Opacity,Lung_Opacity,0.0011471528559923172,0.7769627571105957,0.22188864648342133,1.443188466510037e-06,,,
/kaggle/input/datasets/tawsifurrahman/covid19-radiography-database/COVID-19_Radiography_Dataset/Lung_Opacity/images/Lung_Opacity-4565.png,Lung_Opacity,Lung_Opacity,0.0006159550976008177,0.9853862524032593,0.013988250866532326,9.496689926891122e-06,,,
/kaggle/input/datasets/tawsifurrahman/covid19-radiography-database/COVID-19_Radiography_Dataset/Lung_Opacity/images/Lung_Opacity-4569.png,Lung_Opacity,Lung_Opacity,0.00559600256383419,0.9907103180885315,0.0036812142934650183,1.2378392966638785e-05,,0.24135763943195343,0.24135763943195343
/kaggle/input/datasets/tawsifurrahman/covid19-radiography-database/COVID-19_Radiography_Dataset/Lung_Opacity/images/Lung_Opacity-4570.png,Lung_Opacity,Normal,0.009559120051562786,0.08850431442260742,0.9019301533699036,6.428831511584576e-06,,,
/kaggle/input/datasets/tawsifurrahman/covid19-radiography-database/COVID-19_Radiography_Dataset/Lung_Opacity/images/Lung_Opacity-4571.png,Lung_Opacity,Normal,0.0005587321938946843,0.49289044737815857,0.5065492987632751,1.5187093822532916e-06,,,
/kaggle/input/datasets/tawsifurrahman/covid19-radiography-database/COVID-19_Radiography_Dataset/Lung_Opacity/images/Lung_Opacity-4578.png,Lung_Opacity,Lung_Opacity,2.5787554477574304e-05,0.998964786529541,0.0010087271220982075,6.727665891048673e-07,,,
/kaggle/input/datasets/tawsifurrahman/covid19-radiography-database/COVID-19_Radiography_Dataset/Lung_Opacity/images/Lung_Opacity-4589.png,Lung_Opacity,Normal,0.0007084629614837468,0.01229633204638958,0.986993670463562,1.5735918168502394e-06,,0.5020186901092529,0.5020186901092529
/kaggle/input/datasets/tawsifurrahman/covid19-radiography-database/COVID-19_Radiography_Dataset/Lung_Opacity/images/Lung_Opacity-4607.png,Lung_Opacity,Lung_Opacity,0.0002495231747161597,0.9747558832168579,0.024474192410707474,0.0005203992477618158,,,
/kaggle/input/datasets/tawsifurrahman/covid19-radiography-database/COVID-19_Radiography_Dataset/Lung_Opacity/images/Lung_Opacity-4610.png,Lung_Opacity,Lung_Opacity,5.08646662638057e-05,0.999319314956665,0.0005842526443302631,4.557822830975056e-05,,0.2753363847732544,0.2753363847732544
/kaggle/input/datasets/tawsifurrahman/covid19-radiography-database/COVID-19_Radiography_Dataset/Lung_Opacity/images/Lung_Opacity-4612.png,Lung_Opacity,Lung_Opacity,0.00010358098370488733,0.9872217774391174,0.012663980945944786,1.0664779438229743e-05,,0.13507585227489471,0.13507585227489471
/kaggle/input/datasets/tawsifurrahman/covid19-radiography-database/COVID-19_Radiography_Dataset/Lung_Opacity/images/Lung_Opacity-4623.png,Lung_Opacity,COVID,0.7514582276344299,0.03529616445302963,0.21321317553520203,3.243727405788377e-05,,0.42146414518356323,0.42146414518356323
/kaggle/input/datasets/tawsifurrahman/covid19-radiography-database/COVID-19_Radiography_Dataset/Lung_Opacity/images/Lung_Opacity-4632.png,Lung_Opacity,Normal,0.005920351482927799,0.13675850629806519,0.8572847247123718,3.6465080484049395e-05,,,
/kaggle/input/datasets/tawsifurrahman/covid19-radiography-database/COVID-19_Radiography_Dataset/Lung_Opacity/images/Lung_Opacity-4652.png,Lung_Opacity,Lung_Opacity,0.005054803099483252,0.609656810760498,0.3849330544471741,0.00035540011595003307,,0.18850676715373993,0.18850676715373993
/kaggle/input/datasets/tawsifurrahman/covid19-radiography-database/COVID-19_Radiography_Dataset/Lung_Opacity/images/Lung_Opacity-4654.png,Lung_Opacity,Lung_Opacity,0.0004807650111615658,0.9862645268440247,0.01322897244244814,2.572684570623096e-05,,0.2155328094959259,0.2155328094959259
/kaggle/input/datasets/tawsifurrahman/covid19-radiography-database/COVID-19_Radiography_Dataset/Lung_Opacity/images/Lung_Opacity-4659.png,Lung_Opacity,Lung_Opacity,2.4298851712956093e-05,0.9937525391578674,0.006213719956576824,9.456365660298616e-06,,0.2383747547864914,0.2383747547864914
/kaggle/input/datasets/tawsifurrahman/covid19-radiography-database/COVID-19_Radiography_Dataset/Lung_Opacity/images/Lung_Opacity-4660.png,Lung_Opacity,Lung_Opacity,0.001356260385364294,0.998572826385498,6.274155748542398e-05,8.15814928500913e-06,,0.3286483883857727,0.3286483883857727
/kaggle/input/datasets/tawsifurrahman/covid19-radiography-database/COVID-19_Radiography_Dataset/Lung_Opacity/images/Lung_Opacity-4661.png,Lung_Opacity,Lung_Opacity,5.99488485022448e-05,0.9964873790740967,0.0034332561772316694,1.948791032191366e-05,,,
/kaggle/input/datasets/tawsifurrahman/covid19-radiography-database/COVID-19_Radiography_Dataset/Lung_Opacity/images/Lung_Opacity-4664.png,Lung_Opacity,Normal,0.0002289845870109275,0.2544742822647095,0.7452959418296814,8.094755798992992e-07,,0.3189707100391388,0.3189707100391388
/kaggle/input/datasets/tawsifurrahman/covid19-radiography-database/COVID-19_Radiography_Dataset/Lung_Opacity/images/Lung_Opacity-4673.png,Lung_Opacity,Lung_Opacity,0.00099248718470335,0.9947324991226196,0.004068905487656593,0.00020611510262824595,,,
/kaggle/input/datasets/tawsifurrahman/covid19-radiography-database/COVID-19_Radiography_Dataset/Lung_Opacity/images/Lung_Opacity-4694.png,Lung_Opacity,Lung_Opacity,0.0001362453040201217,0.9691628217697144,0.02204372175037861,0.008657301776111126,,0.14102673530578613,0.14102673530578613
/kaggle/input/datasets/tawsifurrahman/covid19-radiography-database/COVID-19_Radiography_Dataset/Lung_Opacity/images/Lung_Opacity-4695.png,Lung_Opacity,Lung_Opacity,4.3645695768645965e-06,0.9996905326843262,0.00030492310179397464,1.8088910280766868e-07,,,
/kaggle/input/datasets/tawsifurrahman/covid19-radiography-database/COVID-19_Radiography_Dataset/Lung_Opacity/images/Lung_Opacity-4697.png,Lung_Opacity,Normal,0.0006503162439912558,0.28958919644355774,0.7097597718238831,6.840314767941891e-07,,,
/kaggle/input/datasets/tawsifurrahman/covid19-radiography-database/COVID-19_Radiography_Dataset/Lung_Opacity/images/Lung_Opacity-4701.png,Lung_Opacity,Lung_Opacity,0.003996235318481922,0.9521260857582092,0.043734367936849594,0.0001432193530490622,,0.1684277206659317,0.1684277206659317
/kaggle/input/datasets/tawsifurrahman/covid19-radiography-database/COVID-19_Radiography_Dataset/Lung_Opacity/images/Lung_Opacity-4705.png,Lung_Opacity,Lung_Opacity,0.0001960308727575466,0.5626833438873291,0.4371204078197479,2.3522591163782636e-07,,,
/kaggle/input/datasets/tawsifurrahman/covid19-radiography-database/COVID-19_Radiography_Dataset/Lung_Opacity/images/Lung_Opacity-4707.png,Lung_Opacity,Lung_Opacity,0.0010437103919684887,0.9786288738250732,0.019397467374801636,0.0009299584198743105,,,
/kaggle/input/datasets/tawsifurrahman/covid19-radiography-database/COVID-19_Radiography_Dataset/Lung_Opacity/images/Lung_Opacity-4711.png,Lung_Opacity,Normal,0.0005332138389348984,0.19390122592449188,0.805564820766449,6.896558488733717e-07,,,
/kaggle/input/datasets/tawsifurrahman/covid19-radiography-database/COVID-19_Radiography_Dataset/Lung_Opacity/images/Lung_Opacity-4717.png,Lung_Opacity,Lung_Opacity,0.0006708494038321078,0.7071415781974792,0.29210522770881653,8.235192944994196e-05,,,
/kaggle/input/datasets/tawsifurrahman/covid19-radiography-database/COVID-19_Radiography_Dataset/Lung_Opacity/images/Lung_Opacity-472.png,Lung_Opacity,Lung_Opacity,0.0003246007254347205,0.8843778967857361,0.11529699712991714,4.772338684233546e-07,,,
/kaggle/input/datasets/tawsifurrahman/covid19-radiography-database/COVID-19_Radiography_Dataset/Lung_Opacity/images/Lung_Opacity-4720.png,Lung_Opacity,Lung_Opacity,0.09235330671072006,0.8968653678894043,0.010744406841695309,3.687909702421166e-05,,,
/kaggle/input/datasets/tawsifurrahman/covid19-radiography-database/COVID-19_Radiography_Dataset/Lung_Opacity/images/Lung_Opacity-4723.png,Lung_Opacity,Normal,0.01636478304862976,0.3196774125099182,0.6639381051063538,1.9667209926410578e-05,,,
/kaggle/input/datasets/tawsifurrahman/covid19-radiography-database/COVID-19_Radiography_Dataset/Lung_Opacity/images/Lung_Opacity-4742.png,Lung_Opacity,Normal,0.0005552103975787759,0.06830644607543945,0.9311286807060242,9.632043656893075e-06,,,
/kaggle/input/datasets/tawsifurrahman/covid19-radiography-database/COVID-19_Radiography_Dataset/Lung_Opacity/images/Lung_Opacity-4743.png,Lung_Opacity,Lung_Opacity,0.000353704352164641,0.7834222316741943,0.21619826555252075,2.5735716917552054e-05,,,
/kaggle/input/datasets/tawsifurrahman/covid19-radiography-database/COVID-19_Radiography_Dataset/Lung_Opacity/images/Lung_Opacity-4750.png,Lung_Opacity,Lung_Opacity,0.0004500809300225228,0.9952834248542786,0.004213937558233738,5.261241312837228e-05,,0.10323020815849304,0.10323020815849304
/kaggle/input/datasets/tawsifurrahman/covid19-radiography-database/COVID-19_Radiography_Dataset/Lung_Opacity/images/Lung_Opacity-4753.png,Lung_Opacity,Lung_Opacity,0.0017347682733088732,0.9855403304100037,0.012723171152174473,1.7477807432442205e-06,,,
/kaggle/input/datasets/tawsifurrahman/covid19-radiography-database/COVID-19_Radiography_Dataset/Lung_Opacity/images/Lung_Opacity-4754.png,Lung_Opacity,Lung_Opacity,0.0030509273055940866,0.9967705011367798,0.000178274029167369,3.479901238279126e-07,,,
/kaggle/input/datasets/tawsifurrahman/covid19-radiography-database/COVID-19_Radiography_Dataset/Lung_Opacity/images/Lung_Opacity-4769.png,Lung_Opacity,Normal,0.0011196216801181436,0.24512767791748047,0.7534903287887573,0.0002623153559397906,,,
/kaggle/input/datasets/tawsifurrahman/covid19-radiography-database/COVID-19_Radiography_Dataset/Lung_Opacity/images/Lung_Opacity-4778.png,Lung_Opacity,Lung_Opacity,0.002038773149251938,0.9714410305023193,0.02651897259056568,1.3031326488999184e-06,,,
/kaggle/input/datasets/tawsifurrahman/covid19-radiography-database/COVID-19_Radiography_Dataset/Lung_Opacity/images/Lung_Opacity-4779.png,Lung_Opacity,Lung_Opacity,0.03476462513208389,0.7715105414390564,0.19372421503067017,6.264210696826922e-07,,,
/kaggle/input/datasets/tawsifurrahman/covid19-radiography-database/COVID-19_Radiography_Dataset/Lung_Opacity/images/Lung_Opacity-4786.png,Lung_Opacity,Lung_Opacity,6.0013400798197836e-05,0.9919272661209106,0.008011655882000923,1.1082970559073146e-06,,0.19850876927375793,0.19850876927375793
/kaggle/input/datasets/tawsifurrahman/covid19-radiography-database/COVID-19_Radiography_Dataset/Lung_Opacity/images/Lung_Opacity-4792.png,Lung_Opacity,Lung_Opacity,0.0326467789709568,0.9661869406700134,0.0011634932598099113,2.724113073782064e-06,,,
/kaggle/input/datasets/tawsifurrahman/covid19-radiography-database/COVID-19_Radiography_Dataset/Lung_Opacity/images/Lung_Opacity-481.png,Lung_Opacity,Lung_Opacity,0.0003104947099927813,0.9182155728340149,0.08147240430116653,1.5651488638468436e-06,,0.15375779569149017,0.15375779569149017
/kaggle/input/datasets/tawsifurrahman/covid19-radiography-database/COVID-19_Radiography_Dataset/Lung_Opacity/images/Lung_Opacity-4815.png,Lung_Opacity,Lung_Opacity,6.723370461259037e-05,0.9858119487762451,0.014117218554019928,3.6551559787767474e-06,,,
/kaggle/input/datasets/tawsifurrahman/covid19-radiography-database/COVID-19_Radiography_Dataset/Lung_Opacity/images/Lung_Opacity-4821.png,Lung_Opacity,Lung_Opacity,0.00017741642659530044,0.994292140007019,0.0055186268873512745,1.1797024853876792e-05,,,
/kaggle/input/datasets/tawsifurrahman/covid19-radiography-database/COVID-19_Radiography_Dataset/Lung_Opacity/images/Lung_Opacity-4825.png,Lung_Opacity,Lung_Opacity,0.0042176335118710995,0.7118261456489563,0.2838146686553955,0.00014157513214740902,,,
/kaggle/input/datasets/tawsifurrahman/covid19-radiography-database/COVID-19_Radiography_Dataset/Lung_Opacity/images/Lung_Opacity-4831.png,Lung_Opacity,Lung_Opacity,0.00044658014667220414,0.7628437280654907,0.23656409978866577,0.00014560479030478746,,0.25621461868286133,0.25621461868286133
/kaggle/input/datasets/tawsifurrahman/covid19-radiography-database/COVID-19_Radiography_Dataset/Lung_Opacity/images/Lung_Opacity-4852.png,Lung_Opacity,Lung_Opacity,0.07305709272623062,0.5384544134140015,0.388480007648468,8.4597204477177e-06,,,
/kaggle/input/datasets/tawsifurrahman/covid19-radiography-database/COVID-19_Radiography_Dataset/Lung_Opacity/images/Lung_Opacity-4853.png,Lung_Opacity,Normal,0.010026627220213413,0.11060015857219696,0.8793720006942749,1.2217476523801452e-06,,0.5308308601379395,0.5308308601379395
/kaggle/input/datasets/tawsifurrahman/covid19-radiography-database/COVID-19_Radiography_Dataset/Lung_Opacity/images/Lung_Opacity-4868.png,Lung_Opacity,Normal,7.236775127239525e-05,0.20892645418643951,0.7910008430480957,4.002343132469832e-07,,0.23875738680362701,0.23875738680362701
/kaggle/input/datasets/tawsifurrahman/covid19-radiography-database/COVID-19_Radiography_Dataset/Lung_Opacity/images/Lung_Opacity-4874.png,Lung_Opacity,Normal,0.004164386074990034,0.029529739171266556,0.966305673122406,1.1241075270618239e-07,,,
/kaggle/input/datasets/tawsifurrahman/covid19-radiography-database/COVID-19_Radiography_Dataset/Lung_Opacity/images/Lung_Opacity-4882.png,Lung_Opacity,Lung_Opacity,0.0029800322372466326,0.9728007912635803,0.024218084290623665,1.1964363011429668e-06,,,
/kaggle/input/datasets/tawsifurrahman/covid19-radiography-database/COVID-19_Radiography_Dataset/Lung_Opacity/images/Lung_Opacity-4888.png,Lung_Opacity,Lung_Opacity,0.011521230451762676,0.9503017067909241,0.03771250322461128,0.0004646360466722399,,0.28164491057395935,0.28164491057395935
/kaggle/input/datasets/tawsifurrahman/covid19-radiography-database/COVID-19_Radiography_Dataset/Lung_Opacity/images/Lung_Opacity-489.png,Lung_Opacity,Lung_Opacity,7.678528345422819e-05,0.9998143315315247,0.0001088944700313732,1.2546840899574363e-08,,,
/kaggle/input/datasets/tawsifurrahman/covid19-radiography-database/COVID-19_Radiography_Dataset/Lung_Opacity/images/Lung_Opacity-490.png,Lung_Opacity,Lung_Opacity,0.013640140183269978,0.9757330417633057,0.010611306875944138,1.5550800526398234e-05,,0.3593595027923584,0.3593595027923584
/kaggle/input/datasets/tawsifurrahman/covid19-radiography-database/COVID-19_Radiography_Dataset/Lung_Opacity/images/Lung_Opacity-4905.png,Lung_Opacity,Lung_Opacity,0.0001850022963481024,0.9605430960655212,0.03918568417429924,8.627521310700104e-05,,,
/kaggle/input/datasets/tawsifurrahman/covid19-radiography-database/COVID-19_Radiography_Dataset/Lung_Opacity/images/Lung_Opacity-4915.png,Lung_Opacity,Lung_Opacity,0.07163125276565552,0.908745527267456,0.019621407613158226,1.8066888287648908e-06,,0.3322576582431793,0.3322576582431793
/kaggle/input/datasets/tawsifurrahman/covid19-radiography-database/COVID-19_Radiography_Dataset/Lung_Opacity/images/Lung_Opacity-4941.png,Lung_Opacity,Lung_Opacity,0.012741625308990479,0.5032818913459778,0.48395803570747375,1.8390710465610027e-05,,,
/kaggle/input/datasets/tawsifurrahman/covid19-radiography-database/COVID-19_Radiography_Dataset/Lung_Opacity/images/Lung_Opacity-4944.png,Lung_Opacity,Normal,0.0005106569151394069,0.016655106097459793,0.9828335046768188,6.730967356816109e-07,,,
/kaggle/input/datasets/tawsifurrahman/covid19-radiography-database/COVID-19_Radiography_Dataset/Lung_Opacity/images/Lung_Opacity-4945.png,Lung_Opacity,Lung_Opacity,0.0141384806483984,0.6218259334564209,0.36357414722442627,0.00046145482338033617,,,
/kaggle/input/datasets/tawsifurrahman/covid19-radiography-database/COVID-19_Radiography_Dataset/Lung_Opacity/images/Lung_Opacity-4949.png,Lung_Opacity,Lung_Opacity,2.4354199922527187e-05,0.9996799230575562,0.000295588921289891,1.1519731657472221e-07,,0.23946167528629303,0.23946167528629303
/kaggle/input/datasets/tawsifurrahman/covid19-radiography-database/COVID-19_Radiography_Dataset/Lung_Opacity/images/Lung_Opacity-4956.png,Lung_Opacity,Normal,0.012890022248029709,0.4209771454334259,0.5661237239837646,9.147392120212317e-06,,,
/kaggle/input/datasets/tawsifurrahman/covid19-radiography-database/COVID-19_Radiography_Dataset/Lung_Opacity/images/Lung_Opacity-4961.png,Lung_Opacity,Lung_Opacity,2.5322113287984394e-05,0.8731194734573364,0.1268550157546997,2.601845778826828e-07,,,
/kaggle/input/datasets/tawsifurrahman/covid19-radiography-database/COVID-19_Radiography_Dataset/Lung_Opacity/images/Lung_Opacity-4964.png,Lung_Opacity,Normal,0.00236754328943789,0.4214763343334198,0.5761116147041321,4.4464690290624276e-05,,,
/kaggle/input/datasets/tawsifurrahman/covid19-radiography-database/COVID-19_Radiography_Dataset/Lung_Opacity/images/Lung_Opacity-4968.png,Lung_Opacity,Lung_Opacity,9.954535329370628e-08,0.9997764229774475,0.00022347514459397644,2.0136646128321445e-08,,0.2568588852882385,0.2568588852882385
/kaggle/input/datasets/tawsifurrahman/covid19-radiography-database/COVID-19_Radiography_Dataset/Lung_Opacity/images/Lung_Opacity-4969.png,Lung_Opacity,Lung_Opacity,5.416071508079767e-05,0.9874727725982666,0.012400167062878609,7.28865634300746e-05,,0.3876006603240967,0.3876006603240967
/kaggle/input/datasets/tawsifurrahman/covid19-radiography-database/COVID-19_Radiography_Dataset/Lung_Opacity/images/Lung_Opacity-498.png,Lung_Opacity,Lung_Opacity,1.8228874978376552e-06,0.9755586981773376,0.024438688531517982,7.790042104716122e-07,,,
/kaggle/input/datasets/tawsifurrahman/covid19-radiography-database/COVID-19_Radiography_Dataset/Lung_Opacity/images/Lung_Opacity-4981.png,Lung_Opacity,Lung_Opacity,0.0036462226416915655,0.9728789925575256,0.023470470681786537,4.325516329117818e-06,,,
/kaggle/input/datasets/tawsifurrahman/covid19-radiography-database/COVID-19_Radiography_Dataset/Lung_Opacity/images/Lung_Opacity-4999.png,Lung_Opacity,Lung_Opacity,5.754565427196212e-05,0.9604541063308716,0.03948107361793518,7.368253136519343e-06,,0.20260998606681824,0.20260998606681824
/kaggle/input/datasets/tawsifurrahman/covid19-radiography-database/COVID-19_Radiography_Dataset/Lung_Opacity/images/Lung_Opacity-5008.png,Lung_Opacity,Normal,3.4314369258936495e-05,0.11117870360612869,0.8887782096862793,8.783410521573387e-06,,,
/kaggle/input/datasets/tawsifurrahman/covid19-radiography-database/COVID-19_Radiography_Dataset/Lung_Opacity/images/Lung_Opacity-5012.png,Lung_Opacity,Lung_Opacity,0.04440441355109215,0.8679937124252319,0.08758622407913208,1.559397242090199e-05,,,
/kaggle/input/datasets/tawsifurrahman/covid19-radiography-database/COVID-19_Radiography_Dataset/Lung_Opacity/images/Lung_Opacity-5029.png,Lung_Opacity,Lung_Opacity,0.00017003020911943167,0.9704822897911072,0.029346633702516556,1.0002739827541518e-06,,,
/kaggle/input/datasets/tawsifurrahman/covid19-radiography-database/COVID-19_Radiography_Dataset/Lung_Opacity/images/Lung_Opacity-504.png,Lung_Opacity,Lung_Opacity,0.05598302185535431,0.5168488621711731,0.4270867705345154,8.131599315674976e-05,,,
/kaggle/input/datasets/tawsifurrahman/covid19-radiography-database/COVID-19_Radiography_Dataset/Lung_Opacity/images/Lung_Opacity-5042.png,Lung_Opacity,Lung_Opacity,0.0023489228915423155,0.9240723848342896,0.0725005641579628,0.0010781087912619114,,,
/kaggle/input/datasets/tawsifurrahman/covid19-radiography-database/COVID-19_Radiography_Dataset/Lung_Opacity/images/Lung_Opacity-5049.png,Lung_Opacity,Lung_Opacity,1.8702331772146863e-06,0.9999408721923828,5.730026896344498e-05,1.037177010942969e-08,,,
/kaggle/input/datasets/tawsifurrahman/covid19-radiography-database/COVID-19_Radiography_Dataset/Lung_Opacity/images/Lung_Opacity-5062.png,Lung_Opacity,Lung_Opacity,0.0007669603801332414,0.7340674996376038,0.26515933871269226,6.090402166591957e-06,,,
/kaggle/input/datasets/tawsifurrahman/covid19-radiography-database/COVID-19_Radiography_Dataset/Lung_Opacity/images/Lung_Opacity-5065.png,Lung_Opacity,Lung_Opacity,0.03465566039085388,0.764551043510437,0.20076310634613037,3.0241848435252905e-05,,,
/kaggle/input/datasets/tawsifurrahman/covid19-radiography-database/COVID-19_Radiography_Dataset/Lung_Opacity/images/Lung_Opacity-507.png,Lung_Opacity,Lung_Opacity,0.006179703399538994,0.8248398303985596,0.1689792424440384,1.1660581549222115e-06,,,
/kaggle/input/datasets/tawsifurrahman/covid19-radiography-database/COVID-19_Radiography_Dataset/Lung_Opacity/images/Lung_Opacity-5090.png,Lung_Opacity,Lung_Opacity,0.00044537693611346185,0.9912233352661133,0.008328544907271862,2.6629209060047287e-06,,,
/kaggle/input/datasets/tawsifurrahman/covid19-radiography-database/COVID-19_Radiography_Dataset/Lung_Opacity/images/Lung_Opacity-5094.png,Lung_Opacity,Lung_Opacity,6.965667853364721e-05,0.5367795825004578,0.4625667631626129,0.0005839637015014887,,0.1587827503681183,0.1587827503681183
/kaggle/input/datasets/tawsifurrahman/covid19-radiography-database/COVID-19_Radiography_Dataset/Lung_Opacity/images/Lung_Opacity-5096.png,Lung_Opacity,Lung_Opacity,0.003504309570416808,0.8071273565292358,0.18931402266025543,5.422823232947849e-05,,,
/kaggle/input/datasets/tawsifurrahman/covid19-radiography-database/COVID-19_Radiography_Dataset/Lung_Opacity/images/Lung_Opacity-510.png,Lung_Opacity,Lung_Opacity,6.8667318373627495e-06,0.997369647026062,0.002366481116041541,0.00025693653151392937,,,
/kaggle/input/datasets/tawsifurrahman/covid19-radiography-database/COVID-19_Radiography_Dataset/Lung_Opacity/images/Lung_Opacity-5104.png,Lung_Opacity,Lung_Opacity,0.03479703515768051,0.9594300985336304,0.005770040210336447,2.9033567443548236e-06,,,
/kaggle/input/datasets/tawsifurrahman/covid19-radiography-database/COVID-19_Radiography_Dataset/Lung_Opacity/images/Lung_Opacity-5117.png,Lung_Opacity,Lung_Opacity,4.538016582955606e-06,0.998993456363678,0.0010018069297075272,2.1659930382611492e-07,,,
/kaggle/input/datasets/tawsifurrahman/covid19-radiography-database/COVID-19_Radiography_Dataset/Lung_Opacity/images/Lung_Opacity-512.png,Lung_Opacity,Lung_Opacity,0.0013439784524962306,0.9601158499717712,0.03853798657655716,2.1999599084665533e-06,,,
/kaggle/input/datasets/tawsifurrahman/covid19-radiography-database/COVID-19_Radiography_Dataset/Lung_Opacity/images/Lung_Opacity-513.png,Lung_Opacity,Lung_Opacity,0.0006154002621769905,0.9974573254585266,0.0019253547070547938,1.9446169972070493e-06,,,
/kaggle/input/datasets/tawsifurrahman/covid19-radiography-database/COVID-19_Radiography_Dataset/Lung_Opacity/images/Lung_Opacity-5130.png,Lung_Opacity,Lung_Opacity,0.00020349063561297953,0.9963890314102173,0.003406887874007225,5.759050054621184e-07,,0.33089911937713623,0.33089911937713623
/kaggle/input/datasets/tawsifurrahman/covid19-radiography-database/COVID-19_Radiography_Dataset/Lung_Opacity/images/Lung_Opacity-5133.png,Lung_Opacity,Lung_Opacity,0.004596665035933256,0.544985830783844,0.4503876566886902,2.981614125019405e-05,,,
/kaggle/input/datasets/tawsifurrahman/covid19-radiography-database/COVID-19_Radiography_Dataset/Lung_Opacity/images/Lung_Opacity-5136.png,Lung_Opacity,Lung_Opacity,4.447605897439644e-05,0.9924410581588745,0.007513865828514099,5.382603944781295e-07,,,
/kaggle/input/datasets/tawsifurrahman/covid19-radiography-database/COVID-19_Radiography_Dataset/Lung_Opacity/images/Lung_Opacity-5141.png,Lung_Opacity,Lung_Opacity,0.056878481060266495,0.942784309387207,0.0003352613712195307,1.9922590581700206e-06,,,
/kaggle/input/datasets/tawsifurrahman/covid19-radiography-database/COVID-19_Radiography_Dataset/Lung_Opacity/images/Lung_Opacity-5157.png,Lung_Opacity,Lung_Opacity,0.0032093313056975603,0.9967055916786194,8.187080675270408e-05,3.234426458220696e-06,,,
/kaggle/input/datasets/tawsifurrahman/covid19-radiography-database/COVID-19_Radiography_Dataset/Lung_Opacity/images/Lung_Opacity-5160.png,Lung_Opacity,Lung_Opacity,9.69223634683658e-08,0.9997685551643372,0.00023132262867875397,1.0505657677128966e-08,,,
/kaggle/input/datasets/tawsifurrahman/covid19-radiography-database/COVID-19_Radiography_Dataset/Lung_Opacity/images/Lung_Opacity-5163.png,Lung_Opacity,Lung_Opacity,9.924373443936929e-05,0.9809088706970215,0.01884126290678978,0.0001505896361777559,,0.1468082070350647,0.1468082070350647
/kaggle/input/datasets/tawsifurrahman/covid19-radiography-database/COVID-19_Radiography_Dataset/Lung_Opacity/images/Lung_Opacity-5164.png,Lung_Opacity,Normal,0.0009657592163421214,0.47176849842071533,0.5268018841743469,0.0004638505633920431,,0.47743940353393555,0.47743940353393555
/kaggle/input/datasets/tawsifurrahman/covid19-radiography-database/COVID-19_Radiography_Dataset/Lung_Opacity/images/Lung_Opacity-5171.png,Lung_Opacity,Lung_Opacity,0.0002930629998445511,0.9968324303627014,0.002871219301596284,3.362358938829857e-06,,0.3020695149898529,0.3020695149898529
/kaggle/input/datasets/tawsifurrahman/covid19-radiography-database/COVID-19_Radiography_Dataset/Lung_Opacity/images/Lung_Opacity-5172.png,Lung_Opacity,Lung_Opacity,1.6866732039488852e-05,0.9865831732749939,0.013399959541857243,5.344517362004808e-08,,,
/kaggle/input/datasets/tawsifurrahman/covid19-radiography-database/COVID-19_Radiography_Dataset/Lung_Opacity/images/Lung_Opacity-5189.png,Lung_Opacity,Lung_Opacity,0.009351247921586037,0.990340530872345,0.00030827292357571423,3.039439633312213e-08,,0.31791478395462036,0.31791478395462036
/kaggle/input/datasets/tawsifurrahman/covid19-radiography-database/COVID-19_Radiography_Dataset/Lung_Opacity/images/Lung_Opacity-5192.png,Lung_Opacity,Lung_Opacity,0.0004083597450517118,0.9927828311920166,0.006803847383707762,4.9582499741518404e-06,,,
/kaggle/input/datasets/tawsifurrahman/covid19-radiography-database/COVID-19_Radiography_Dataset/Lung_Opacity/images/Lung_Opacity-5204.png,Lung_Opacity,Lung_Opacity,0.002267390489578247,0.9967979788780212,0.0009337866795249283,8.056663318711799e-07,,,
/kaggle/input/datasets/tawsifurrahman/covid19-radiography-database/COVID-19_Radiography_Dataset/Lung_Opacity/images/Lung_Opacity-5206.png,Lung_Opacity,Lung_Opacity,2.703646941881743e-07,0.9837831854820251,0.016216548159718513,4.646538709351944e-09,,0.16963034868240356,0.16963034868240356
/kaggle/input/datasets/tawsifurrahman/covid19-radiography-database/COVID-19_Radiography_Dataset/Lung_Opacity/images/Lung_Opacity-5208.png,Lung_Opacity,Lung_Opacity,8.393270945816766e-06,0.9947073459625244,0.005255539435893297,2.8723839932354167e-05,,,
/kaggle/input/datasets/tawsifurrahman/covid19-radiography-database/COVID-19_Radiography_Dataset/Lung_Opacity/images/Lung_Opacity-522.png,Lung_Opacity,Lung_Opacity,0.30575916171073914,0.6906512975692749,0.003451024414971471,0.00013849911920260638,,0.45988181233406067,0.45988181233406067
/kaggle/input/datasets/tawsifurrahman/covid19-radiography-database/COVID-19_Radiography_Dataset/Lung_Opacity/images/Lung_Opacity-5222.png,Lung_Opacity,Lung_Opacity,0.001976835774257779,0.6890146136283875,0.3082949221134186,0.0007135963533073664,,,
/kaggle/input/datasets/tawsifurrahman/covid19-radiography-database/COVID-19_Radiography_Dataset/Lung_Opacity/images/Lung_Opacity-5239.png,Lung_Opacity,Lung_Opacity,6.324482910713414e-06,0.997885525226593,0.002106810687109828,1.3267043641462806e-06,,0.20517590641975403,0.20517590641975403
/kaggle/input/datasets/tawsifurrahman/covid19-radiography-database/COVID-19_Radiography_Dataset/Lung_Opacity/images/Lung_Opacity-5240.png,Lung_Opacity,Lung_Opacity,0.012807873077690601,0.9867333769798279,0.0003670101286843419,9.169532131636515e-05,,,
/kaggle/input/datasets/tawsifurrahman/covid19-radiography-database/COVID-19_Radiography_Dataset/Lung_Opacity/images/Lung_Opacity-525.png,Lung_Opacity,Lung_Opacity,0.0035076243802905083,0.6830586791038513,0.3131323754787445,0.000301369815133512,,0.30073481798171997,0.30073481798171997
/kaggle/input/datasets/tawsifurrahman/covid19-radiography-database/COVID-19_Radiography_Dataset/Lung_Opacity/images/Lung_Opacity-5252.png,Lung_Opacity,Lung_Opacity,7.886772436904721e-06,0.9958437085151672,0.0041168988682329655,3.147601455566473e-05,,,
/kaggle/input/datasets/tawsifurrahman/covid19-radiography-database/COVID-19_Radiography_Dataset/Lung_Opacity/images/Lung_Opacity-5264.png,Lung_Opacity,Lung_Opacity,0.00012093794794054702,0.8657598495483398,0.13020938634872437,0.003909806255251169,,0.05038761347532272,0.05038761347532272
/kaggle/input/datasets/tawsifurrahman/covid19-radiography-database/COVID-19_Radiography_Dataset/Lung_Opacity/images/Lung_Opacity-5266.png,Lung_Opacity,Lung_Opacity,0.005050241947174072,0.9847691059112549,0.010148020461201668,3.2672298402758315e-05,,,
/kaggle/input/datasets/tawsifurrahman/covid19-radiography-database/COVID-19_Radiography_Dataset/Lung_Opacity/images/Lung_Opacity-5269.png,Lung_Opacity,Lung_Opacity,0.013777912594377995,0.9778318405151367,0.008386618457734585,3.6544388422043994e-06,,,
/kaggle/input/datasets/tawsifurrahman/covid19-radiography-database/COVID-19_Radiography_Dataset/Lung_Opacity/images/Lung_Opacity-5277.png,Lung_Opacity,Lung_Opacity,0.000622253050096333,0.9944766163825989,0.004884178750216961,1.698139021755196e-05,,,
/kaggle/input/datasets/tawsifurrahman/covid19-radiography-database/COVID-19_Radiography_Dataset/Lung_Opacity/images/Lung_Opacity-5293.png,Lung_Opacity,Lung_Opacity,0.0031505627557635307,0.9875503182411194,0.009298664517700672,5.102672844259359e-07,,,
/kaggle/input/datasets/tawsifurrahman/covid19-radiography-database/COVID-19_Radiography_Dataset/Lung_Opacity/images/Lung_Opacity-5298.png,Lung_Opacity,Lung_Opacity,2.532568714741501e-06,0.9857361912727356,0.014260121621191502,1.1330851066304604e-06,,,
/kaggle/input/datasets/tawsifurrahman/covid19-radiography-database/COVID-19_Radiography_Dataset/Lung_Opacity/images/Lung_Opacity-5301.png,Lung_Opacity,Lung_Opacity,5.00968235428445e-06,0.9865188002586365,0.013476251624524593,1.8032997317618538e-08,,,
/kaggle/input/datasets/tawsifurrahman/covid19-radiography-database/COVID-19_Radiography_Dataset/Lung_Opacity/images/Lung_Opacity-5305.png,Lung_Opacity,Lung_Opacity,0.000684762722812593,0.9923380017280579,0.00349901570007205,0.0034782220609486103,,,
/kaggle/input/datasets/tawsifurrahman/covid19-radiography-database/COVID-19_Radiography_Dataset/Lung_Opacity/images/Lung_Opacity-531.png,Lung_Opacity,Normal,0.010191887617111206,0.03294747695326805,0.9561120867729187,0.0007485307287424803,,0.34197789430618286,0.34197789430618286
/kaggle/input/datasets/tawsifurrahman/covid19-radiography-database/COVID-19_Radiography_Dataset/Lung_Opacity/images/Lung_Opacity-5310.png,Lung_Opacity,Normal,0.00036119314609095454,0.304694801568985,0.6949377655982971,6.198727533046622e-06,,0.26838764548301697,0.26838764548301697
/kaggle/input/datasets/tawsifurrahman/covid19-radiography-database/COVID-19_Radiography_Dataset/Lung_Opacity/images/Lung_Opacity-5322.png,Lung_Opacity,Lung_Opacity,0.10604038834571838,0.8902957439422607,0.0020100045949220657,0.0016538853524252772,,,
/kaggle/input/datasets/tawsifurrahman/covid19-radiography-database/COVID-19_Radiography_Dataset/Lung_Opacity/images/Lung_Opacity-5324.png,Lung_Opacity,Normal,0.0008012901525944471,0.22685754299163818,0.7722761631011963,6.502931501017883e-05,,0.26975777745246887,0.26975777745246887
/kaggle/input/datasets/tawsifurrahman/covid19-radiography-database/COVID-19_Radiography_Dataset/Lung_Opacity/images/Lung_Opacity-5335.png,Lung_Opacity,Lung_Opacity,5.4083680879557505e-05,0.9997089505195618,0.0002368858695263043,5.5613870841852986e-08,,,
/kaggle/input/datasets/tawsifurrahman/covid19-radiography-database/COVID-19_Radiography_Dataset/Lung_Opacity/images/Lung_Opacity-5338.png,Lung_Opacity,Lung_Opacity,0.004317204002290964,0.9878730773925781,0.007807284127920866,2.449552994221449e-06,,,
/kaggle/input/datasets/tawsifurrahman/covid19-radiography-database/COVID-19_Radiography_Dataset/Lung_Opacity/images/Lung_Opacity-5355.png,Lung_Opacity,Lung_Opacity,8.249231541412883e-06,0.9987518787384033,0.0012242624070495367,1.5578707461827435e-05,,,
/kaggle/input/datasets/tawsifurrahman/covid19-radiography-database/COVID-19_Radiography_Dataset/Lung_Opacity/images/Lung_Opacity-5367.png,Lung_Opacity,Lung_Opacity,8.495491783833131e-06,0.9997939467430115,0.00019688712200149894,6.596200705644151e-07,,0.2993743419647217,0.2993743419647217
/kaggle/input/datasets/tawsifurrahman/covid19-radiography-database/COVID-19_Radiography_Dataset/Lung_Opacity/images/Lung_Opacity-5368.png,Lung_Opacity,Normal,0.015818599611520767,0.05639415606856346,0.9276492595672607,0.00013798764848615974,,,
/kaggle/input/datasets/tawsifurrahman/covid19-radiography-database/COVID-19_Radiography_Dataset/Lung_Opacity/images/Lung_Opacity-5371.png,Lung_Opacity,Lung_Opacity,6.849844794487581e-06,0.9974982142448425,0.0024949184153229,4.290318500466128e-08,,,
/kaggle/input/datasets/tawsifurrahman/covid19-radiography-database/COVID-19_Radiography_Dataset/Lung_Opacity/images/Lung_Opacity-5374.png,Lung_Opacity,Lung_Opacity,4.720595825347118e-06,0.863660991191864,0.13633041083812714,3.784874024859164e-06,,,
/kaggle/input/datasets/tawsifurrahman/covid19-radiography-database/COVID-19_Radiography_Dataset/Lung_Opacity/images/Lung_Opacity-5382.png,Lung_Opacity,Lung_Opacity,0.012481375597417355,0.8311463594436646,0.147879496216774,0.00849273893982172,,0.18178723752498627,0.18178723752498627
/kaggle/input/datasets/tawsifurrahman/covid19-radiography-database/COVID-19_Radiography_Dataset/Lung_Opacity/images/Lung_Opacity-5385.png,Lung_Opacity,Lung_Opacity,7.744756658212282e-07,0.9994256496429443,0.0005735548911616206,2.502002771631595e-10,,,
/kaggle/input/datasets/tawsifurrahman/covid19-radiography-database/COVID-19_Radiography_Dataset/Lung_Opacity/images/Lung_Opacity-539.png,Lung_Opacity,Lung_Opacity,6.350650073727593e-05,0.6862925887107849,0.31364017724990845,3.7081588288856437e-06,,,
/kaggle/input/datasets/tawsifurrahman/covid19-radiography-database/COVID-19_Radiography_Dataset/Lung_Opacity/images/Lung_Opacity-5404.png,Lung_Opacity,Normal,0.019793633371591568,0.2837229371070862,0.6940721869468689,0.002411282155662775,,,
/kaggle/input/datasets/tawsifurrahman/covid19-radiography-database/COVID-19_Radiography_Dataset/Lung_Opacity/images/Lung_Opacity-5406.png,Lung_Opacity,Lung_Opacity,0.1158207580447197,0.8645985126495361,0.01957634836435318,4.393678864289541e-06,,,
/kaggle/input/datasets/tawsifurrahman/covid19-radiography-database/COVID-19_Radiography_Dataset/Lung_Opacity/images/Lung_Opacity-5421.png,Lung_Opacity,Lung_Opacity,0.0034565888345241547,0.9687755107879639,0.02776237018406391,5.559785222430946e-06,,,
/kaggle/input/datasets/tawsifurrahman/covid19-radiography-database/COVID-19_Radiography_Dataset/Lung_Opacity/images/Lung_Opacity-5425.png,Lung_Opacity,Lung_Opacity,2.6258090812802948e-08,0.9975388050079346,0.0024609477259218693,1.8537396329065814e-07,,,
/kaggle/input/datasets/tawsifurrahman/covid19-radiography-database/COVID-19_Radiography_Dataset/Lung_Opacity/images/Lung_Opacity-5432.png,Lung_Opacity,Lung_Opacity,0.00011681528121698648,0.9930194020271301,0.0068319812417030334,3.186491085216403e-05,,,
/kaggle/input/datasets/tawsifurrahman/covid19-radiography-database/COVID-19_Radiography_Dataset/Lung_Opacity/images/Lung_Opacity-5436.png,Lung_Opacity,Lung_Opacity,0.0012062472524121404,0.9850931763648987,0.01317936833947897,0.0005212543765082955,,0.16030831634998322,0.16030831634998322
/kaggle/input/datasets/tawsifurrahman/covid19-radiography-database/COVID-19_Radiography_Dataset/Lung_Opacity/images/Lung_Opacity-5439.png,Lung_Opacity,Lung_Opacity,3.467928763711825e-05,0.9998924732208252,7.287474727490917e-05,8.490864900068118e-09,,,
/kaggle/input/datasets/tawsifurrahman/covid19-radiography-database/COVID-19_Radiography_Dataset/Lung_Opacity/images/Lung_Opacity-5443.png,Lung_Opacity,Lung_Opacity,3.331578000143054e-06,0.9997671246528625,0.0002270214754389599,2.523917601138237e-06,,,
/kaggle/input/datasets/tawsifurrahman/covid19-radiography-database/COVID-19_Radiography_Dataset/Lung_Opacity/images/Lung_Opacity-5447.png,Lung_Opacity,Lung_Opacity,0.0007621251279488206,0.9955260157585144,0.003709499491378665,2.396284571659635e-06,,,
/kaggle/input/datasets/tawsifurrahman/covid19-radiography-database/COVID-19_Radiography_Dataset/Lung_Opacity/images/Lung_Opacity-5449.png,Lung_Opacity,Lung_Opacity,5.957117991783889e-06,0.9988563060760498,0.0011375757167115808,9.6762654777649e-08,,0.14033041894435883,0.14033041894435883
/kaggle/input/datasets/tawsifurrahman/covid19-radiography-database/COVID-19_Radiography_Dataset/Lung_Opacity/images/Lung_Opacity-545.png,Lung_Opacity,Lung_Opacity,0.0572659894824028,0.5447582602500916,0.3975290060043335,0.0004467492108233273,,0.2588998079299927,0.2588998079299927
/kaggle/input/datasets/tawsifurrahman/covid19-radiography-database/COVID-19_Radiography_Dataset/Lung_Opacity/images/Lung_Opacity-546.png,Lung_Opacity,COVID,0.566155731678009,0.36481773853302,0.06893835961818695,8.819311915431172e-05,,,
/kaggle/input/datasets/tawsifurrahman/covid19-radiography-database/COVID-19_Radiography_Dataset/Lung_Opacity/images/Lung_Opacity-5475.png,Lung_Opacity,Lung_Opacity,0.0005937490495853126,0.934836745262146,0.06456030160188675,9.119318747252692e-06,,,
/kaggle/input/datasets/tawsifurrahman/covid19-radiography-database/COVID-19_Radiography_Dataset/Lung_Opacity/images/Lung_Opacity-5487.png,Lung_Opacity,Lung_Opacity,8.75070873007644e-06,0.7433827519416809,0.25466763973236084,0.0019409272354096174,,,
/kaggle/input/datasets/tawsifurrahman/covid19-radiography-database/COVID-19_Radiography_Dataset/Lung_Opacity/images/Lung_Opacity-549.png,Lung_Opacity,Normal,0.023554153740406036,0.19837908446788788,0.7758471965789795,0.0022195950150489807,,,
/kaggle/input/datasets/tawsifurrahman/covid19-radiography-database/COVID-19_Radiography_Dataset/Lung_Opacity/images/Lung_Opacity-5490.png,Lung_Opacity,Lung_Opacity,0.000846743059810251,0.9725949168205261,0.026557428762316704,9.023375469041639e-07,,,
/kaggle/input/datasets/tawsifurrahman/covid19-radiography-database/COVID-19_Radiography_Dataset/Lung_Opacity/images/Lung_Opacity-5494.png,Lung_Opacity,Lung_Opacity,0.0017349162371829152,0.9727837443351746,0.025308996438980103,0.00017236187704838812,,,
/kaggle/input/datasets/tawsifurrahman/covid19-radiography-database/COVID-19_Radiography_Dataset/Lung_Opacity/images/Lung_Opacity-5498.png,Lung_Opacity,Lung_Opacity,7.111050763342064e-06,0.9844798445701599,0.015512607991695404,4.197578959974635e-07,,,
/kaggle/input/datasets/tawsifurrahman/covid19-radiography-database/COVID-19_Radiography_Dataset/Lung_Opacity/images/Lung_Opacity-550.png,Lung_Opacity,Lung_Opacity,3.379799090907909e-05,0.8923577070236206,0.10760742425918579,1.065670062416757e-06,,,
/kaggle/input/datasets/tawsifurrahman/covid19-radiography-database/COVID-19_Radiography_Dataset/Lung_Opacity/images/Lung_Opacity-5503.png,Lung_Opacity,Lung_Opacity,2.2342153897625394e-05,0.9995275735855103,0.0004500036302488297,1.6341658692908823e-07,,,
/kaggle/input/datasets/tawsifurrahman/covid19-radiography-database/COVID-19_Radiography_Dataset/Lung_Opacity/images/Lung_Opacity-5506.png,Lung_Opacity,COVID,0.5423823595046997,0.016491873189806938,0.44098541140556335,0.00014031908358447254,,,
/kaggle/input/datasets/tawsifurrahman/covid19-radiography-database/COVID-19_Radiography_Dataset/Lung_Opacity/images/Lung_Opacity-5520.png,Lung_Opacity,Lung_Opacity,7.330568041652441e-05,0.9184392690658569,0.08145806193351746,2.9396036552498117e-05,,,
/kaggle/input/datasets/tawsifurrahman/covid19-radiography-database/COVID-19_Radiography_Dataset/Lung_Opacity/images/Lung_Opacity-5524.png,Lung_Opacity,Normal,0.06980392336845398,0.45422303676605225,0.46842753887176514,0.007545458152890205,,0.5907907485961914,0.5907907485961914
/kaggle/input/datasets/tawsifurrahman/covid19-radiography-database/COVID-19_Radiography_Dataset/Lung_Opacity/images/Lung_Opacity-5534.png,Lung_Opacity,Lung_Opacity,0.0006601944332942367,0.9718822240829468,0.0274555291980505,2.1370449303503847e-06,,,
/kaggle/input/datasets/tawsifurrahman/covid19-radiography-database/COVID-19_Radiography_Dataset/Lung_Opacity/images/Lung_Opacity-5535.png,Lung_Opacity,Lung_Opacity,0.09125269204378128,0.9085936546325684,0.00014562437718268484,8.062872439040802e-06,,0.3469786047935486,0.3469786047935486
/kaggle/input/datasets/tawsifurrahman/covid19-radiography-database/COVID-19_Radiography_Dataset/Lung_Opacity/images/Lung_Opacity-5536.png,Lung_Opacity,Lung_Opacity,3.4285977790204925e-07,0.9598910808563232,0.04010862857103348,2.525802234032426e-09,,,
/kaggle/input/datasets/tawsifurrahman/covid19-radiography-database/COVID-19_Radiography_Dataset/Lung_Opacity/images/Lung_Opacity-5537.png,Lung_Opacity,Lung_Opacity,0.0013996051857247949,0.998404324054718,0.00017010253213811666,2.598377614049241e-05,,0.2907382547855377,0.2907382547855377
/kaggle/input/datasets/tawsifurrahman/covid19-radiography-database/COVID-19_Radiography_Dataset/Lung_Opacity/images/Lung_Opacity-5541.png,Lung_Opacity,Lung_Opacity,3.785543967183003e-08,0.999782383441925,0.00021706733969040215,4.545498200059228e-07,,,
/kaggle/input/datasets/tawsifurrahman/covid19-radiography-database/COVID-19_Radiography_Dataset/Lung_Opacity/images/Lung_Opacity-5543.png,Lung_Opacity,Lung_Opacity,0.0002508970210328698,0.8619208931922913,0.13782697916030884,1.2327631111475057e-06,,,
/kaggle/input/datasets/tawsifurrahman/covid19-radiography-database/COVID-19_Radiography_Dataset/Lung_Opacity/images/Lung_Opacity-5550.png,Lung_Opacity,Lung_Opacity,2.5409337467863224e-05,0.9976043105125427,0.00236993795260787,3.7956141341055627e-07,,,
/kaggle/input/datasets/tawsifurrahman/covid19-radiography-database/COVID-19_Radiography_Dataset/Lung_Opacity/images/Lung_Opacity-5552.png,Lung_Opacity,Lung_Opacity,0.0015571388648822904,0.9976857900619507,0.0007559655932709575,1.086436668629176e-06,,,
/kaggle/input/datasets/tawsifurrahman/covid19-radiography-database/COVID-19_Radiography_Dataset/Lung_Opacity/images/Lung_Opacity-5553.png,Lung_Opacity,Lung_Opacity,0.000885044049937278,0.7833753228187561,0.213453471660614,0.0022861422039568424,,0.4004407823085785,0.4004407823085785
/kaggle/input/datasets/tawsifurrahman/covid19-radiography-database/COVID-19_Radiography_Dataset/Lung_Opacity/images/Lung_Opacity-5554.png,Lung_Opacity,Lung_Opacity,3.6237727272236953e-06,0.999749481678009,0.00024693162413313985,4.3937863125620424e-08,,,
/kaggle/input/datasets/tawsifurrahman/covid19-radiography-database/COVID-19_Radiography_Dataset/Lung_Opacity/images/Lung_Opacity-5571.png,Lung_Opacity,Normal,0.0001671965728746727,0.014415474608540535,0.9854173064231873,1.2740410681999492e-07,,,
/kaggle/input/datasets/tawsifurrahman/covid19-radiography-database/COVID-19_Radiography_Dataset/Lung_Opacity/images/Lung_Opacity-5574.png,Lung_Opacity,Lung_Opacity,0.0007883091457188129,0.9987201690673828,0.000491488550323993,1.2820412109704193e-07,,,
/kaggle/input/datasets/tawsifurrahman/covid19-radiography-database/COVID-19_Radiography_Dataset/Lung_Opacity/images/Lung_Opacity-5576.png,Lung_Opacity,Lung_Opacity,0.0025431213434785604,0.9845666289329529,0.012547394260764122,0.0003428387572057545,,,
/kaggle/input/datasets/tawsifurrahman/covid19-radiography-database/COVID-19_Radiography_Dataset/Lung_Opacity/images/Lung_Opacity-5578.png,Lung_Opacity,Lung_Opacity,0.000125309030408971,0.6811635494232178,0.2949317991733551,0.02377934567630291,,0.14985807240009308,0.14985807240009308
/kaggle/input/datasets/tawsifurrahman/covid19-radiography-database/COVID-19_Radiography_Dataset/Lung_Opacity/images/Lung_Opacity-5582.png,Lung_Opacity,Normal,0.11751941591501236,0.18578696250915527,0.6966935396194458,1.0995037058592061e-07,,0.4240361154079437,0.4240361154079437
/kaggle/input/datasets/tawsifurrahman/covid19-radiography-database/COVID-19_Radiography_Dataset/Lung_Opacity/images/Lung_Opacity-5589.png,Lung_Opacity,Normal,0.05501176416873932,0.10205838084220886,0.8429058194160461,2.403096732450649e-05,,,
/kaggle/input/datasets/tawsifurrahman/covid19-radiography-database/COVID-19_Radiography_Dataset/Lung_Opacity/images/Lung_Opacity-5591.png,Lung_Opacity,Lung_Opacity,0.06448958069086075,0.8872564435005188,0.02410508692264557,0.02414892613887787,,,
/kaggle/input/datasets/tawsifurrahman/covid19-radiography-database/COVID-19_Radiography_Dataset/Lung_Opacity/images/Lung_Opacity-5594.png,Lung_Opacity,Lung_Opacity,0.0054756393656134605,0.9887520670890808,0.005759221501648426,1.3089163076074328e-05,,0.31827136874198914,0.31827136874198914
/kaggle/input/datasets/tawsifurrahman/covid19-radiography-database/COVID-19_Radiography_Dataset/Lung_Opacity/images/Lung_Opacity-5596.png,Lung_Opacity,COVID,0.9132571816444397,0.07218854874372482,0.014551836997270584,2.3961347324075177e-06,,,
/kaggle/input/datasets/tawsifurrahman/covid19-radiography-database/COVID-19_Radiography_Dataset/Lung_Opacity/images/Lung_Opacity-5604.png,Lung_Opacity,Lung_Opacity,0.01433476060628891,0.98336261510849,0.0023003367241472006,2.3238692392624216e-06,,,
/kaggle/input/datasets/tawsifurrahman/covid19-radiography-database/COVID-19_Radiography_Dataset/Lung_Opacity/images/Lung_Opacity-5606.png,Lung_Opacity,Lung_Opacity,4.015127501588722e-07,0.9995393753051758,0.0004602370609063655,2.2892688633646685e-08,,0.3344714939594269,0.3344714939594269
/kaggle/input/datasets/tawsifurrahman/covid19-radiography-database/COVID-19_Radiography_Dataset/Lung_Opacity/images/Lung_Opacity-5613.png,Lung_Opacity,Lung_Opacity,0.013013741932809353,0.7453362941741943,0.24148640036582947,0.00016358170250896364,,,
/kaggle/input/datasets/tawsifurrahman/covid19-radiography-database/COVID-19_Radiography_Dataset/Lung_Opacity/images/Lung_Opacity-5617.png,Lung_Opacity,Lung_Opacity,0.007092894520610571,0.9400677680969238,0.052833642810583115,5.761303327744827e-06,,,
/kaggle/input/datasets/tawsifurrahman/covid19-radiography-database/COVID-19_Radiography_Dataset/Lung_Opacity/images/Lung_Opacity-5633.png,Lung_Opacity,Lung_Opacity,0.0005884479032829404,0.9056023359298706,0.09380125254392624,7.968771569721866e-06,,,
/kaggle/input/datasets/tawsifurrahman/covid19-radiography-database/COVID-19_Radiography_Dataset/Lung_Opacity/images/Lung_Opacity-5642.png,Lung_Opacity,Lung_Opacity,0.00046494201524183154,0.9919052124023438,0.00762956915423274,1.7827994724939344e-07,,,
/kaggle/input/datasets/tawsifurrahman/covid19-radiography-database/COVID-19_Radiography_Dataset/Lung_Opacity/images/Lung_Opacity-5649.png,Lung_Opacity,Lung_Opacity,0.01931029185652733,0.9575356841087341,0.023068204522132874,8.581746806157753e-05,,,
/kaggle/input/datasets/tawsifurrahman/covid19-radiography-database/COVID-19_Radiography_Dataset/Lung_Opacity/images/Lung_Opacity-5650.png,Lung_Opacity,Lung_Opacity,5.486522880460143e-08,0.9922422170639038,0.007757597602903843,1.5989832036211737e-07,,,
/kaggle/input/datasets/tawsifurrahman/covid19-radiography-database/COVID-19_Radiography_Dataset/Lung_Opacity/images/Lung_Opacity-5654.png,Lung_Opacity,Lung_Opacity,0.04586563631892204,0.9203884601593018,0.033745232969522476,6.986563221289543e-07,,,
/kaggle/input/datasets/tawsifurrahman/covid19-radiography-database/COVID-19_Radiography_Dataset/Lung_Opacity/images/Lung_Opacity-566.png,Lung_Opacity,Lung_Opacity,1.0152863069379237e-05,0.9457181692123413,0.054245516657829285,2.6199204512522556e-05,,,
/kaggle/input/datasets/tawsifurrahman/covid19-radiography-database/COVID-19_Radiography_Dataset/Lung_Opacity/images/Lung_Opacity-5665.png,Lung_Opacity,Lung_Opacity,6.469278446274984e-07,0.9993191957473755,0.0006801920826546848,4.41840164455698e-09,,,
/kaggle/input/datasets/tawsifurrahman/covid19-radiography-database/COVID-19_Radiography_Dataset/Lung_Opacity/images/Lung_Opacity-5679.png,Lung_Opacity,Lung_Opacity,2.4725735784159042e-05,0.9999246597290039,4.255060775903985e-05,8.05026229500072e-06,,,
/kaggle/input/datasets/tawsifurrahman/covid19-radiography-database/COVID-19_Radiography_Dataset/Lung_Opacity/images/Lung_Opacity-5685.png,Lung_Opacity,Lung_Opacity,0.0006295779021456838,0.9849965572357178,0.014190423302352428,0.00018338770314585418,,,
/kaggle/input/datasets/tawsifurrahman/covid19-radiography-database/COVID-19_Radiography_Dataset/Lung_Opacity/images/Lung_Opacity-5686.png,Lung_Opacity,COVID,0.8511932492256165,0.058696385473012924,0.09010722488164902,3.137634394079214e-06,,,
/kaggle/input/datasets/tawsifurrahman/covid19-radiography-database/COVID-19_Radiography_Dataset/Lung_Opacity/images/Lung_Opacity-5688.png,Lung_Opacity,Lung_Opacity,0.0007279157289303839,0.9775305390357971,0.021740470081567764,1.0837055697265896e-06,,,
/kaggle/input/datasets/tawsifurrahman/covid19-radiography-database/COVID-19_Radiography_Dataset/Lung_Opacity/images/Lung_Opacity-5697.png,Lung_Opacity,Lung_Opacity,7.810835813870654e-05,0.9815791845321655,0.01811617985367775,0.0002265379880554974,,0.2612716853618622,0.2612716853618622
/kaggle/input/datasets/tawsifurrahman/covid19-radiography-database/COVID-19_Radiography_Dataset/Lung_Opacity/images/Lung_Opacity-5698.png,Lung_Opacity,Lung_Opacity,0.0002596046542748809,0.9974938631057739,0.002245980780571699,5.478114530887979e-07,,,
/kaggle/input/datasets/tawsifurrahman/covid19-radiography-database/COVID-19_Radiography_Dataset/Lung_Opacity/images/Lung_Opacity-570.png,Lung_Opacity,Lung_Opacity,1.2505923905337113e-06,0.9877758026123047,0.012222740799188614,2.1404787275969284e-07,,0.15877050161361694,0.15877050161361694
/kaggle/input/datasets/tawsifurrahman/covid19-radiography-database/COVID-19_Radiography_Dataset/Lung_Opacity/images/Lung_Opacity-5705.png,Lung_Opacity,Lung_Opacity,0.12452059984207153,0.8609465956687927,0.013379337266087532,0.0011535310186445713,,,
/kaggle/input/datasets/tawsifurrahman/covid19-radiography-database/COVID-19_Radiography_Dataset/Lung_Opacity/images/Lung_Opacity-5706.png,Lung_Opacity,Lung_Opacity,0.0385880246758461,0.5893329977989197,0.3715842366218567,0.0004947231500409544,,,
/kaggle/input/datasets/tawsifurrahman/covid19-radiography-database/COVID-19_Radiography_Dataset/Lung_Opacity/images/Lung_Opacity-5707.png,Lung_Opacity,Lung_Opacity,0.007555458229035139,0.9875089526176453,0.004916125908493996,1.943908500834368e-05,,0.357401579618454,0.357401579618454
/kaggle/input/datasets/tawsifurrahman/covid19-radiography-database/COVID-19_Radiography_Dataset/Lung_Opacity/images/Lung_Opacity-5714.png,Lung_Opacity,Lung_Opacity,2.4380665308854077e-07,0.9808979630470276,0.01910174824297428,2.5359980782013736e-09,,0.2242840677499771,0.2242840677499771
/kaggle/input/datasets/tawsifurrahman/covid19-radiography-database/COVID-19_Radiography_Dataset/Lung_Opacity/images/Lung_Opacity-5716.png,Lung_Opacity,Lung_Opacity,5.3969001783116255e-06,0.9108173847198486,0.08912532776594162,5.184847395867109e-05,,,
/kaggle/input/datasets/tawsifurrahman/covid19-radiography-database/COVID-19_Radiography_Dataset/Lung_Opacity/images/Lung_Opacity-5725.png,Lung_Opacity,Lung_Opacity,0.0009980992181226611,0.9967748522758484,0.00222600344568491,1.1277618341409834e-06,,0.2913121283054352,0.2913121283054352
/kaggle/input/datasets/tawsifurrahman/covid19-radiography-database/COVID-19_Radiography_Dataset/Lung_Opacity/images/Lung_Opacity-5727.png,Lung_Opacity,Lung_Opacity,0.0015334206400439143,0.9884776473045349,0.009987350553274155,1.5221991134239943e-06,,,
/kaggle/input/datasets/tawsifurrahman/covid19-radiography-database/COVID-19_Radiography_Dataset/Lung_Opacity/images/Lung_Opacity-5730.png,Lung_Opacity,Lung_Opacity,1.2149506801506504e-05,0.9996377229690552,0.0003500726888887584,4.969356481865361e-08,,,
/kaggle/input/datasets/tawsifurrahman/covid19-radiography-database/COVID-19_Radiography_Dataset/Lung_Opacity/images/Lung_Opacity-5731.png,Lung_Opacity,Lung_Opacity,0.0034589723218232393,0.9925023317337036,0.004017384722828865,2.132503141183406e-05,,,
/kaggle/input/datasets/tawsifurrahman/covid19-radiography-database/COVID-19_Radiography_Dataset/Lung_Opacity/images/Lung_Opacity-5748.png,Lung_Opacity,Lung_Opacity,0.0039718858897686005,0.9582004547119141,0.03773198649287224,9.57019510678947e-05,,0.33000433444976807,0.33000433444976807
/kaggle/input/datasets/tawsifurrahman/covid19-radiography-database/COVID-19_Radiography_Dataset/Lung_Opacity/images/Lung_Opacity-5757.png,Lung_Opacity,Lung_Opacity,0.008460230194032192,0.8939113616943359,0.0976281464099884,2.971300148146838e-07,,0.21408018469810486,0.21408018469810486
/kaggle/input/datasets/tawsifurrahman/covid19-radiography-database/COVID-19_Radiography_Dataset/Lung_Opacity/images/Lung_Opacity-5758.png,Lung_Opacity,Lung_Opacity,0.38462957739830017,0.6142032146453857,0.0010608163429424167,0.00010638724052114412,,,
/kaggle/input/datasets/tawsifurrahman/covid19-radiography-database/COVID-19_Radiography_Dataset/Lung_Opacity/images/Lung_Opacity-5760.png,Lung_Opacity,Lung_Opacity,0.0002554862294346094,0.9112154245376587,0.08852002024650574,9.13335861696396e-06,,0.29774901270866394,0.29774901270866394
/kaggle/input/datasets/tawsifurrahman/covid19-radiography-database/COVID-19_Radiography_Dataset/Lung_Opacity/images/Lung_Opacity-5766.png,Lung_Opacity,Lung_Opacity,1.0013496876126737e-06,0.9980692267417908,0.0019298411207273602,1.4951272220287137e-08,,,
/kaggle/input/datasets/tawsifurrahman/covid19-radiography-database/COVID-19_Radiography_Dataset/Lung_Opacity/images/Lung_Opacity-5782.png,Lung_Opacity,Lung_Opacity,0.0001963585673365742,0.9994547963142395,0.0003478009020909667,1.015738916976261e-06,,0.19269955158233643,0.19269955158233643
/kaggle/input/datasets/tawsifurrahman/covid19-radiography-database/COVID-19_Radiography_Dataset/Lung_Opacity/images/Lung_Opacity-5795.png,Lung_Opacity,Normal,0.005097806453704834,0.3654080629348755,0.6232625842094421,0.00623162928968668,,,
/kaggle/input/datasets/tawsifurrahman/covid19-radiography-database/COVID-19_Radiography_Dataset/Lung_Opacity/images/Lung_Opacity-5796.png,Lung_Opacity,Lung_Opacity,7.021698547760025e-05,0.999762237071991,0.0001675089733907953,1.0933465688367505e-08,,0.20968939363956451,0.20968939363956451
/kaggle/input/datasets/tawsifurrahman/covid19-radiography-database/COVID-19_Radiography_Dataset/Lung_Opacity/images/Lung_Opacity-5797.png,Lung_Opacity,Lung_Opacity,0.024095196276903152,0.9270228743553162,0.048866935074329376,1.4948965144867543e-05,,0.5083361864089966,0.5083361864089966
/kaggle/input/datasets/tawsifurrahman/covid19-radiography-database/COVID-19_Radiography_Dataset/Lung_Opacity/images/Lung_Opacity-5799.png,Lung_Opacity,Lung_Opacity,0.0012742055114358664,0.984858512878418,0.013865827582776546,1.5790774341439828e-06,,0.32068341970443726,0.32068341970443726
/kaggle/input/datasets/tawsifurrahman/covid19-radiography-database/COVID-19_Radiography_Dataset/Lung_Opacity/images/Lung_Opacity-5806.png,Lung_Opacity,Lung_Opacity,0.014430908486247063,0.984439492225647,0.0011283576022833586,1.144262228081061e-06,,,
/kaggle/input/datasets/tawsifurrahman/covid19-radiography-database/COVID-19_Radiography_Dataset/Lung_Opacity/images/Lung_Opacity-5825.png,Lung_Opacity,Lung_Opacity,7.084051321726292e-05,0.9917591214179993,0.008166292682290077,3.774766128117335e-06,,,
/kaggle/input/datasets/tawsifurrahman/covid19-radiography-database/COVID-19_Radiography_Dataset/Lung_Opacity/images/Lung_Opacity-5829.png,Lung_Opacity,Lung_Opacity,2.7926666916755494e-06,0.9998937845230103,0.00010337965068174526,1.1669044397422113e-08,,,
/kaggle/input/datasets/tawsifurrahman/covid19-radiography-database/COVID-19_Radiography_Dataset/Lung_Opacity/images/Lung_Opacity-5864.png,Lung_Opacity,Lung_Opacity,0.0011653515975922346,0.9947654008865356,0.00406711595132947,2.132071131200064e-06,,,
/kaggle/input/datasets/tawsifurrahman/covid19-radiography-database/COVID-19_Radiography_Dataset/Lung_Opacity/images/Lung_Opacity-5877.png,Lung_Opacity,Lung_Opacity,0.03136778622865677,0.7382146716117859,0.22962357103824615,0.0007939942879602313,,,
/kaggle/input/datasets/tawsifurrahman/covid19-radiography-database/COVID-19_Radiography_Dataset/Lung_Opacity/images/Lung_Opacity-5880.png,Lung_Opacity,Lung_Opacity,0.002262231893837452,0.9386600852012634,0.059075258672237396,2.473263521096669e-06,,,
/kaggle/input/datasets/tawsifurrahman/covid19-radiography-database/COVID-19_Radiography_Dataset/Lung_Opacity/images/Lung_Opacity-5893.png,Lung_Opacity,Lung_Opacity,0.0005792754818685353,0.9828937649726868,0.013076292350888252,0.0034506565425544977,,,
/kaggle/input/datasets/tawsifurrahman/covid19-radiography-database/COVID-19_Radiography_Dataset/Lung_Opacity/images/Lung_Opacity-590.png,Lung_Opacity,Lung_Opacity,1.2982017324247863e-05,0.9248365759849548,0.07515045255422592,4.115932128456734e-08,,,
/kaggle/input/datasets/tawsifurrahman/covid19-radiography-database/COVID-19_Radiography_Dataset/Lung_Opacity/images/Lung_Opacity-5909.png,Lung_Opacity,Lung_Opacity,0.07773716747760773,0.8507080078125,0.07122059911489487,0.00033424358116462827,,,
/kaggle/input/datasets/tawsifurrahman/covid19-radiography-database/COVID-19_Radiography_Dataset/Lung_Opacity/images/Lung_Opacity-5913.png,Lung_Opacity,Lung_Opacity,0.005401588045060635,0.9914067983627319,0.00319168483838439,4.56752768940305e-09,,0.24643050134181976,0.24643050134181976
/kaggle/input/datasets/tawsifurrahman/covid19-radiography-database/COVID-19_Radiography_Dataset/Lung_Opacity/images/Lung_Opacity-5918.png,Lung_Opacity,Lung_Opacity,0.0006655806791968644,0.9933238625526428,0.005722011439502239,0.00028855050913989544,,,
/kaggle/input/datasets/tawsifurrahman/covid19-radiography-database/COVID-19_Radiography_Dataset/Lung_Opacity/images/Lung_Opacity-5919.png,Lung_Opacity,Lung_Opacity,0.11757897585630417,0.882247805595398,0.00015854733646847308,1.4657058272860013e-05,,0.3311569094657898,0.3311569094657898
/kaggle/input/datasets/tawsifurrahman/covid19-radiography-database/COVID-19_Radiography_Dataset/Lung_Opacity/images/Lung_Opacity-592.png,Lung_Opacity,Lung_Opacity,0.0005585351027548313,0.9986898303031921,0.0007504544919356704,1.1379904663044726e-06,,0.20017586648464203,0.20017586648464203
/kaggle/input/datasets/tawsifurrahman/covid19-radiography-database/COVID-19_Radiography_Dataset/Lung_Opacity/images/Lung_Opacity-5921.png,Lung_Opacity,Lung_Opacity,0.005124442745000124,0.9872942566871643,0.007576989941298962,4.193921540718293e-06,,,
/kaggle/input/datasets/tawsifurrahman/covid19-radiography-database/COVID-19_Radiography_Dataset/Lung_Opacity/images/Lung_Opacity-5925.png,Lung_Opacity,Lung_Opacity,0.04499051719903946,0.949711263179779,0.005108890123665333,0.0001892480067908764,,,
/kaggle/input/datasets/tawsifurrahman/covid19-radiography-database/COVID-19_Radiography_Dataset/Lung_Opacity/images/Lung_Opacity-5927.png,Lung_Opacity,Lung_Opacity,0.0004905519890598953,0.9922568798065186,0.007252071052789688,5.053780682828801e-07,,0.09864771366119385,0.09864771366119385
/kaggle/input/datasets/tawsifurrahman/covid19-radiography-database/COVID-19_Radiography_Dataset/Lung_Opacity/images/Lung_Opacity-5958.png,Lung_Opacity,Lung_Opacity,0.0008270659018307924,0.6822890639305115,0.31645917892456055,0.00042473184294067323,,0.4988999366760254,0.4988999366760254
/kaggle/input/datasets/tawsifurrahman/covid19-radiography-database/COVID-19_Radiography_Dataset/Lung_Opacity/images/Lung_Opacity-5962.png,Lung_Opacity,Lung_Opacity,0.00011372652079444379,0.9232473373413086,0.07657395303249359,6.493440014310181e-05,,0.18316353857517242,0.18316353857517242
/kaggle/input/datasets/tawsifurrahman/covid19-radiography-database/COVID-19_Radiography_Dataset/Lung_Opacity/images/Lung_Opacity-5964.png,Lung_Opacity,Lung_Opacity,8.00771958893165e-05,0.9995561242103577,0.0003636586479842663,1.0219066126637699e-07,,,
/kaggle/input/datasets/tawsifurrahman/covid19-radiography-database/COVID-19_Radiography_Dataset/Lung_Opacity/images/Lung_Opacity-5968.png,Lung_Opacity,Lung_Opacity,2.540073182899505e-06,0.9999840259552002,1.3153186046110932e-05,2.8953888886462664e-07,,0.22162841260433197,0.22162841260433197
/kaggle/input/datasets/tawsifurrahman/covid19-radiography-database/COVID-19_Radiography_Dataset/Lung_Opacity/images/Lung_Opacity-5970.png,Lung_Opacity,Lung_Opacity,0.0004200405965093523,0.8226509690284729,0.17686477303504944,6.425768515327945e-05,,0.27986374497413635,0.27986374497413635
/kaggle/input/datasets/tawsifurrahman/covid19-radiography-database/COVID-19_Radiography_Dataset/Lung_Opacity/images/Lung_Opacity-5977.png,Lung_Opacity,Lung_Opacity,7.818331505404785e-05,0.9993621706962585,0.000558180850930512,1.4225175846149796e-06,,0.2781950533390045,0.2781950533390045
/kaggle/input/datasets/tawsifurrahman/covid19-radiography-database/COVID-19_Radiography_Dataset/Lung_Opacity/images/Lung_Opacity-5986.png,Lung_Opacity,Lung_Opacity,0.0002567102783359587,0.9980301260948181,0.0013471049023792148,0.0003660857037175447,,0.2411324679851532,0.2411324679851532
/kaggle/input/datasets/tawsifurrahman/covid19-radiography-database/COVID-19_Radiography_Dataset/Lung_Opacity/images/Lung_Opacity-599.png,Lung_Opacity,Lung_Opacity,0.4595208764076233,0.4731532037258148,0.06727223843336105,5.371835140977055e-05,,,
/kaggle/input/datasets/tawsifurrahman/covid19-radiography-database/COVID-19_Radiography_Dataset/Lung_Opacity/images/Lung_Opacity-5997.png,Lung_Opacity,Lung_Opacity,8.485619764542207e-05,0.988909900188446,0.010953267104923725,5.1998693379573524e-05,,,
/kaggle/input/datasets/tawsifurrahman/covid19-radiography-database/COVID-19_Radiography_Dataset/Lung_Opacity/images/Lung_Opacity-5998.png,Lung_Opacity,Lung_Opacity,0.00018505628395359963,0.9814264178276062,0.01838846504688263,1.0984201104236035e-08,,0.175089493393898,0.175089493393898
/kaggle/input/datasets/tawsifurrahman/covid19-radiography-database/COVID-19_Radiography_Dataset/Lung_Opacity/images/Lung_Opacity-6000.png,Lung_Opacity,Lung_Opacity,0.1117621436715126,0.7963946461677551,0.09054481983184814,0.0012983952183276415,,,
/kaggle/input/datasets/tawsifurrahman/covid19-radiography-database/COVID-19_Radiography_Dataset/Lung_Opacity/images/Lung_Opacity-6001.png,Lung_Opacity,Lung_Opacity,0.0037391684018075466,0.996185839176178,5.686725489795208e-05,1.821626392484177e-05,,0.3126741349697113,0.3126741349697113
/kaggle/input/datasets/tawsifurrahman/covid19-radiography-database/COVID-19_Radiography_Dataset/Lung_Opacity/images/Lung_Opacity-6003.png,Lung_Opacity,Lung_Opacity,1.68930728250416e-05,0.9981426000595093,0.0018386256415396929,1.8780663140205434e-06,,0.33537426590919495,0.33537426590919495
/kaggle/input/datasets/tawsifurrahman/covid19-radiography-database/COVID-19_Radiography_Dataset/Lung_Opacity/images/Lung_Opacity-6012.png,Lung_Opacity,Lung_Opacity,0.002834680723026395,0.9634422659873962,0.03352583572268486,0.000197142522665672,,,
/kaggle/input/datasets/tawsifurrahman/covid19-radiography-database/COVID-19_Radiography_Dataset/Lung_Opacity/images/Lung_Opacity-604.png,Lung_Opacity,Normal,0.0002087899629259482,0.021180467680096626,0.9786106944084167,3.7417215992263664e-08,,,
/kaggle/input/datasets/tawsifurrahman/covid19-radiography-database/COVID-19_Radiography_Dataset/Lung_Opacity/images/Lung_Opacity-61.png,Lung_Opacity,Lung_Opacity,0.0004928819835186005,0.6836593151092529,0.31581589579582214,3.1863102776696905e-05,,,
/kaggle/input/datasets/tawsifurrahman/covid19-radiography-database/COVID-19_Radiography_Dataset/Lung_Opacity/images/Lung_Opacity-619.png,Lung_Opacity,Lung_Opacity,0.001129245269112289,0.9425742030143738,0.056293096393346786,3.4552349461591803e-06,,,
/kaggle/input/datasets/tawsifurrahman/covid19-radiography-database/COVID-19_Radiography_Dataset/Lung_Opacity/images/Lung_Opacity-627.png,Lung_Opacity,Lung_Opacity,0.003355699824169278,0.7685502171516418,0.22807848453521729,1.55373945744941e-05,,0.16404218971729279,0.16404218971729279
/kaggle/input/datasets/tawsifurrahman/covid19-radiography-database/COVID-19_Radiography_Dataset/Lung_Opacity/images/Lung_Opacity-628.png,Lung_Opacity,Lung_Opacity,1.6158090147655457e-05,0.9997825026512146,0.0002013594494201243,3.122317959736165e-09,,,
/kaggle/input/datasets/tawsifurrahman/covid19-radiography-database/COVID-19_Radiography_Dataset/Lung_Opacity/images/Lung_Opacity-629.png,Lung_Opacity,Normal,0.41094622015953064,0.020616620779037476,0.5682697892189026,0.00016732235962990671,,,
/kaggle/input/datasets/tawsifurrahman/covid19-radiography-database/COVID-19_Radiography_Dataset/Lung_Opacity/images/Lung_Opacity-630.png,Lung_Opacity,Lung_Opacity,0.008007106371223927,0.7533007264137268,0.2386879324913025,4.264500148565276e-06,,,
/kaggle/input/datasets/tawsifurrahman/covid19-radiography-database/COVID-19_Radiography_Dataset/Lung_Opacity/images/Lung_Opacity-633.png,Lung_Opacity,Normal,0.19825312495231628,0.025526350364089012,0.775757908821106,0.00046262884279713035,,,
/kaggle/input/datasets/tawsifurrahman/covid19-radiography-database/COVID-19_Radiography_Dataset/Lung_Opacity/images/Lung_Opacity-644.png,Lung_Opacity,Lung_Opacity,0.017509713768959045,0.707816481590271,0.2744203209877014,0.00025345414178445935,,0.23505662381649017,0.23505662381649017
/kaggle/input/datasets/tawsifurrahman/covid19-radiography-database/COVID-19_Radiography_Dataset/Lung_Opacity/images/Lung_Opacity-647.png,Lung_Opacity,Lung_Opacity,0.0005062891868874431,0.8298551440238953,0.16963745653629303,1.0875787666009273e-06,,0.16520215570926666,0.16520215570926666
/kaggle/input/datasets/tawsifurrahman/covid19-radiography-database/COVID-19_Radiography_Dataset/Lung_Opacity/images/Lung_Opacity-653.png,Lung_Opacity,Lung_Opacity,0.0035259216092526913,0.7640186548233032,0.23242467641830444,3.073777043027803e-05,,0.08498411625623703,0.08498411625623703
/kaggle/input/datasets/tawsifurrahman/covid19-radiography-database/COVID-19_Radiography_Dataset/Lung_Opacity/images/Lung_Opacity-658.png,Lung_Opacity,Normal,0.0005440130480565131,0.4196757972240448,0.5797749757766724,5.226022494753124e-06,,,
/kaggle/input/datasets/tawsifurrahman/covid19-radiography-database/COVID-19_Radiography_Dataset/Lung_Opacity/images/Lung_Opacity-659.png,Lung_Opacity,Lung_Opacity,0.0024127992801368237,0.7200767993927002,0.2773507833480835,0.00015959686425048858,,,
/kaggle/input/datasets/tawsifurrahman/covid19-radiography-database/COVID-19_Radiography_Dataset/Lung_Opacity/images/Lung_Opacity-66.png,Lung_Opacity,Normal,0.060052335262298584,0.24769830703735352,0.6922482252120972,1.1549981309144641e-06,,,
/kaggle/input/datasets/tawsifurrahman/covid19-radiography-database/COVID-19_Radiography_Dataset/Lung_Opacity/images/Lung_Opacity-661.png,Lung_Opacity,Lung_Opacity,2.392628175584832e-06,0.9997405409812927,0.0002534025989007205,3.6504141007753788e-06,,,
/kaggle/input/datasets/tawsifurrahman/covid19-radiography-database/COVID-19_Radiography_Dataset/Lung_Opacity/images/Lung_Opacity-667.png,Lung_Opacity,Lung_Opacity,2.89804279418604e-06,0.9992062449455261,0.000784615462180227,6.324476998997852e-06,,,
/kaggle/input/datasets/tawsifurrahman/covid19-radiography-database/COVID-19_Radiography_Dataset/Lung_Opacity/images/Lung_Opacity-674.png,Lung_Opacity,Lung_Opacity,9.070745727512985e-05,0.999846339225769,6.297645450104028e-05,2.9671822332488773e-08,,,
/kaggle/input/datasets/tawsifurrahman/covid19-radiography-database/COVID-19_Radiography_Dataset/Lung_Opacity/images/Lung_Opacity-685.png,Lung_Opacity,Lung_Opacity,3.002186019784858e-07,0.9998550415039062,0.0001446794340154156,3.820891603112386e-09,,,
/kaggle/input/datasets/tawsifurrahman/covid19-radiography-database/COVID-19_Radiography_Dataset/Lung_Opacity/images/Lung_Opacity-693.png,Lung_Opacity,Lung_Opacity,1.5768515595482313e-06,0.9999927282333374,4.972467650077306e-06,6.590130396944005e-07,,,
/kaggle/input/datasets/tawsifurrahman/covid19-radiography-database/COVID-19_Radiography_Dataset/Lung_Opacity/images/Lung_Opacity-698.png,Lung_Opacity,COVID,0.8281201720237732,0.09919338673353195,0.07267443090677261,1.2007521036139224e-05,,0.34083685278892517,0.34083685278892517
/kaggle/input/datasets/tawsifurrahman/covid19-radiography-database/COVID-19_Radiography_Dataset/Lung_Opacity/images/Lung_Opacity-702.png,Lung_Opacity,Lung_Opacity,0.0012227253755554557,0.9978043437004089,0.0009622883517295122,1.0530056897550821e-05,,,
/kaggle/input/datasets/tawsifurrahman/covid19-radiography-database/COVID-19_Radiography_Dataset/Lung_Opacity/images/Lung_Opacity-707.png,Lung_Opacity,Lung_Opacity,0.002089753048494458,0.8659507036209106,0.13195843994617462,1.0884161838475848e-06,,,
/kaggle/input/datasets/tawsifurrahman/covid19-radiography-database/COVID-19_Radiography_Dataset/Lung_Opacity/images/Lung_Opacity-711.png,Lung_Opacity,Lung_Opacity,0.00047141435788944364,0.8088759183883667,0.19063562154769897,1.7062469851225615e-05,,0.38609573245048523,0.38609573245048523
/kaggle/input/datasets/tawsifurrahman/covid19-radiography-database/COVID-19_Radiography_Dataset/Lung_Opacity/images/Lung_Opacity-714.png,Lung_Opacity,Lung_Opacity,0.004370706155896187,0.9248823523521423,0.07072769105434418,1.929395875777118e-05,,,
/kaggle/input/datasets/tawsifurrahman/covid19-radiography-database/COVID-19_Radiography_Dataset/Lung_Opacity/images/Lung_Opacity-729.png,Lung_Opacity,Lung_Opacity,6.136220918051549e-07,0.9813008308410645,0.018698591738939285,2.4119154673485355e-08,,0.15255770087242126,0.15255770087242126
/kaggle/input/datasets/tawsifurrahman/covid19-radiography-database/COVID-19_Radiography_Dataset/Lung_Opacity/images/Lung_Opacity-737.png,Lung_Opacity,Lung_Opacity,0.0001318378053838387,0.992366373538971,0.00749764172360301,4.087279194209259e-06,,0.2620890736579895,0.2620890736579895
/kaggle/input/datasets/tawsifurrahman/covid19-radiography-database/COVID-19_Radiography_Dataset/Lung_Opacity/images/Lung_Opacity-742.png,Lung_Opacity,Lung_Opacity,0.005929911974817514,0.967312216758728,0.026509270071983337,0.00024864377337507904,,,
/kaggle/input/datasets/tawsifurrahman/covid19-radiography-database/COVID-19_Radiography_Dataset/Lung_Opacity/images/Lung_Opacity-745.png,Lung_Opacity,Lung_Opacity,0.017523979768157005,0.9798091053962708,0.0026663041207939386,5.33215029463463e-07,,,
/kaggle/input/datasets/tawsifurrahman/covid19-radiography-database/COVID-19_Radiography_Dataset/Lung_Opacity/images/Lung_Opacity-753.png,Lung_Opacity,Lung_Opacity,0.015148674137890339,0.9717024564743042,0.0118144191801548,0.0013344163307920098,,,
/kaggle/input/datasets/tawsifurrahman/covid19-radiography-database/COVID-19_Radiography_Dataset/Lung_Opacity/images/Lung_Opacity-760.png,Lung_Opacity,Lung_Opacity,8.639582665637136e-05,0.9317905902862549,0.0680936798453331,2.9359542168094777e-05,,,
/kaggle/input/datasets/tawsifurrahman/covid19-radiography-database/COVID-19_Radiography_Dataset/Lung_Opacity/images/Lung_Opacity-764.png,Lung_Opacity,Lung_Opacity,7.261213613674045e-05,0.9905348420143127,0.009306872263550758,8.559129491914064e-05,,,
/kaggle/input/datasets/tawsifurrahman/covid19-radiography-database/COVID-19_Radiography_Dataset/Lung_Opacity/images/Lung_Opacity-766.png,Lung_Opacity,Lung_Opacity,0.0031566766556352377,0.9915354251861572,0.005291623994708061,1.634814361750614e-05,,,
/kaggle/input/datasets/tawsifurrahman/covid19-radiography-database/COVID-19_Radiography_Dataset/Lung_Opacity/images/Lung_Opacity-767.png,Lung_Opacity,Lung_Opacity,6.850021600257605e-05,0.9909006357192993,0.009019451215863228,1.148385854321532e-05,,0.12919318675994873,0.12919318675994873
/kaggle/input/datasets/tawsifurrahman/covid19-radiography-database/COVID-19_Radiography_Dataset/Lung_Opacity/images/Lung_Opacity-768.png,Lung_Opacity,Lung_Opacity,0.00218528532423079,0.9887778162956238,0.008999898098409176,3.7012636312283576e-05,,,
/kaggle/input/datasets/tawsifurrahman/covid19-radiography-database/COVID-19_Radiography_Dataset/Lung_Opacity/images/Lung_Opacity-770.png,Lung_Opacity,Lung_Opacity,0.00010198850941378623,0.9908407926559448,0.009056455455720425,7.05273066614609e-07,,0.18199039995670319,0.18199039995670319
/kaggle/input/datasets/tawsifurrahman/covid19-radiography-database/COVID-19_Radiography_Dataset/Lung_Opacity/images/Lung_Opacity-771.png,Lung_Opacity,Lung_Opacity,0.011556009761989117,0.5057080984115601,0.4821600615978241,0.0005758671904914081,,,
/kaggle/input/datasets/tawsifurrahman/covid19-radiography-database/COVID-19_Radiography_Dataset/Lung_Opacity/images/Lung_Opacity-774.png,Lung_Opacity,Lung_Opacity,1.6056859521995648e-06,0.9988480806350708,0.001150187337771058,1.3951870414530276e-07,,,
/kaggle/input/datasets/tawsifurrahman/covid19-radiography-database/COVID-19_Radiography_Dataset/Lung_Opacity/images/Lung_Opacity-782.png,Lung_Opacity,Lung_Opacity,0.00011875248310388997,0.9997074007987976,0.00017385062528774142,5.355583354571536e-08,,,
/kaggle/input/datasets/tawsifurrahman/covid19-radiography-database/COVID-19_Radiography_Dataset/Lung_Opacity/images/Lung_Opacity-801.png,Lung_Opacity,Lung_Opacity,2.4924751414800994e-05,0.9986963868141174,0.0012692725285887718,9.404946467839181e-06,,0.27920323610305786,0.27920323610305786
/kaggle/input/datasets/tawsifurrahman/covid19-radiography-database/COVID-19_Radiography_Dataset/Lung_Opacity/images/Lung_Opacity-802.png,Lung_Opacity,Normal,0.05122563987970352,0.25489434599876404,0.6938480734825134,3.197878322680481e-05,,,
/kaggle/input/datasets/tawsifurrahman/covid19-radiography-database/COVID-19_Radiography_Dataset/Lung_Opacity/images/Lung_Opacity-808.png,Lung_Opacity,Normal,0.004338117316365242,0.03149590268731117,0.9641659259796143,1.053265066275344e-07,,,
/kaggle/input/datasets/tawsifurrahman/covid19-radiography-database/COVID-19_Radiography_Dataset/Lung_Opacity/images/Lung_Opacity-809.png,Lung_Opacity,Normal,0.013056442141532898,0.45113512873649597,0.5357599854469299,4.845318471780047e-05,,,
/kaggle/input/datasets/tawsifurrahman/covid19-radiography-database/COVID-19_Radiography_Dataset/Lung_Opacity/images/Lung_Opacity-810.png,Lung_Opacity,Lung_Opacity,1.20040203910321e-05,0.586347222328186,0.4136318266391754,8.99554379429901e-06,,,
/kaggle/input/datasets/tawsifurrahman/covid19-radiography-database/COVID-19_Radiography_Dataset/Lung_Opacity/images/Lung_Opacity-818.png,Lung_Opacity,Lung_Opacity,5.250519734545378e-07,0.9966884255409241,0.0033105637412518263,4.99544398735452e-07,,,
/kaggle/input/datasets/tawsifurrahman/covid19-radiography-database/COVID-19_Radiography_Dataset/Lung_Opacity/images/Lung_Opacity-824.png,Lung_Opacity,Lung_Opacity,0.0006027561612427235,0.8296766877174377,0.16914857923984528,0.0005719257169403136,,,
/kaggle/input/datasets/tawsifurrahman/covid19-radiography-database/COVID-19_Radiography_Dataset/Lung_Opacity/images/Lung_Opacity-833.png,Lung_Opacity,Lung_Opacity,0.007146747782826424,0.9602635502815247,0.03192603215575218,0.000663728395011276,,0.3183097243309021,0.3183097243309021
/kaggle/input/datasets/tawsifurrahman/covid19-radiography-database/COVID-19_Radiography_Dataset/Lung_Opacity/images/Lung_Opacity-837.png,Lung_Opacity,Lung_Opacity,0.19836747646331787,0.5883596539497375,0.2132462114095688,2.671321817615535e-05,,,
/kaggle/input/datasets/tawsifurrahman/covid19-radiography-database/COVID-19_Radiography_Dataset/Lung_Opacity/images/Lung_Opacity-841.png,Lung_Opacity,Lung_Opacity,0.03612342104315758,0.9638166427612305,5.970500205876306e-05,2.4889223482205125e-07,,0.4198717474937439,0.4198717474937439
/kaggle/input/datasets/tawsifurrahman/covid19-radiography-database/COVID-19_Radiography_Dataset/Lung_Opacity/images/Lung_Opacity-843.png,Lung_Opacity,Lung_Opacity,0.004632080905139446,0.9897839426994324,0.00558387441560626,1.3588537228770292e-07,,,
/kaggle/input/datasets/tawsifurrahman/covid19-radiography-database/COVID-19_Radiography_Dataset/Lung_Opacity/images/Lung_Opacity-846.png,Lung_Opacity,Lung_Opacity,0.014323328621685505,0.9747775197029114,0.010898078791797161,1.0491859256944736e-06,,0.17457710206508636,0.17457710206508636
/kaggle/input/datasets/tawsifurrahman/covid19-radiography-database/COVID-19_Radiography_Dataset/Lung_Opacity/images/Lung_Opacity-859.png,Lung_Opacity,Lung_Opacity,0.00010416232544230297,0.9876263737678528,0.01226464007049799,4.862848072662018e-06,,0.25996169447898865,0.25996169447898865
/kaggle/input/datasets/tawsifurrahman/covid19-radiography-database/COVID-19_Radiography_Dataset/Lung_Opacity/images/Lung_Opacity-865.png,Lung_Opacity,Lung_Opacity,0.19875900447368622,0.800298273563385,0.0009308893349952996,1.1845660992548801e-05,,,
/kaggle/input/datasets/tawsifurrahman/covid19-radiography-database/COVID-19_Radiography_Dataset/Lung_Opacity/images/Lung_Opacity-888.png,Lung_Opacity,Lung_Opacity,0.00011480506509542465,0.9945563077926636,0.005326106213033199,2.8042245503456797e-06,,,
/kaggle/input/datasets/tawsifurrahman/covid19-radiography-database/COVID-19_Radiography_Dataset/Lung_Opacity/images/Lung_Opacity-894.png,Lung_Opacity,Lung_Opacity,7.408180681522936e-05,0.9973894953727722,0.0024962073657661676,4.013555371784605e-05,,,
/kaggle/input/datasets/tawsifurrahman/covid19-radiography-database/COVID-19_Radiography_Dataset/Lung_Opacity/images/Lung_Opacity-905.png,Lung_Opacity,Lung_Opacity,1.605170291441027e-05,0.9998075366020203,0.0001764023763826117,5.5428195366857835e-08,,,
/kaggle/input/datasets/tawsifurrahman/covid19-radiography-database/COVID-19_Radiography_Dataset/Lung_Opacity/images/Lung_Opacity-910.png,Lung_Opacity,Lung_Opacity,0.001323547214269638,0.8126183748245239,0.18568725883960724,0.00037078771856613457,,0.22938920557498932,0.22938920557498932
/kaggle/input/datasets/tawsifurrahman/covid19-radiography-database/COVID-19_Radiography_Dataset/Lung_Opacity/images/Lung_Opacity-911.png,Lung_Opacity,Lung_Opacity,0.008084947243332863,0.9029291272163391,0.08898573368787766,2.0422713475909404e-07,,,
/kaggle/input/datasets/tawsifurrahman/covid19-radiography-database/COVID-19_Radiography_Dataset/Lung_Opacity/images/Lung_Opacity-912.png,Lung_Opacity,Lung_Opacity,1.0256825589749496e-05,0.9980779886245728,0.0019114051247015595,3.4930468473248766e-07,,,
/kaggle/input/datasets/tawsifurrahman/covid19-radiography-database/COVID-19_Radiography_Dataset/Lung_Opacity/images/Lung_Opacity-913.png,Lung_Opacity,Lung_Opacity,0.009609540924429893,0.6853781342506409,0.3046729862689972,0.00033930371864698827,,,
/kaggle/input/datasets/tawsifurrahman/covid19-radiography-database/COVID-19_Radiography_Dataset/Lung_Opacity/images/Lung_Opacity-914.png,Lung_Opacity,Lung_Opacity,0.008947973139584064,0.990576982498169,0.0004231328784953803,5.198407598072663e-05,,,
/kaggle/input/datasets/tawsifurrahman/covid19-radiography-database/COVID-19_Radiography_Dataset/Lung_Opacity/images/Lung_Opacity-918.png,Lung_Opacity,Lung_Opacity,0.045062702149152756,0.5693755149841309,0.38528817892074585,0.00027362789842300117,,,
/kaggle/input/datasets/tawsifurrahman/covid19-radiography-database/COVID-19_Radiography_Dataset/Lung_Opacity/images/Lung_Opacity-927.png,Lung_Opacity,Lung_Opacity,0.14897677302360535,0.8376995921134949,0.013288941234350204,3.475601624813862e-05,,,
/kaggle/input/datasets/tawsifurrahman/covid19-radiography-database/COVID-19_Radiography_Dataset/Lung_Opacity/images/Lung_Opacity-932.png,Lung_Opacity,Lung_Opacity,0.00018104436458088458,0.9421696066856384,0.055983152240514755,0.0016661920817568898,,,
/kaggle/input/datasets/tawsifurrahman/covid19-radiography-database/COVID-19_Radiography_Dataset/Lung_Opacity/images/Lung_Opacity-945.png,Lung_Opacity,Lung_Opacity,4.709414133685641e-05,0.9700818061828613,0.029866917058825493,4.139877091802191e-06,,,
/kaggle/input/datasets/tawsifurrahman/covid19-radiography-database/COVID-19_Radiography_Dataset/Lung_Opacity/images/Lung_Opacity-946.png,Lung_Opacity,Lung_Opacity,0.0014622790040448308,0.9570071697235107,0.04149812459945679,3.242940874770284e-05,,,
/kaggle/input/datasets/tawsifurrahman/covid19-radiography-database/COVID-19_Radiography_Dataset/Lung_Opacity/images/Lung_Opacity-949.png,Lung_Opacity,Lung_Opacity,6.991054397076368e-05,0.9989842772483826,0.0008527697646059096,9.302298713009804e-05,,0.38457319140434265,0.38457319140434265
/kaggle/input/datasets/tawsifurrahman/covid19-radiography-database/COVID-19_Radiography_Dataset/Lung_Opacity/images/Lung_Opacity-952.png,Lung_Opacity,Lung_Opacity,7.48533129808493e-05,0.9997890591621399,0.00010773882240755484,2.8322219804977067e-05,,,
/kaggle/input/datasets/tawsifurrahman/covid19-radiography-database/COVID-19_Radiography_Dataset/Lung_Opacity/images/Lung_Opacity-954.png,Lung_Opacity,Lung_Opacity,0.011107486672699451,0.9843222498893738,0.00297894817776978,0.0015912903472781181,,,
/kaggle/input/datasets/tawsifurrahman/covid19-radiography-database/COVID-19_Radiography_Dataset/Lung_Opacity/images/Lung_Opacity-957.png,Lung_Opacity,COVID,0.5102957487106323,0.47938647866249084,0.010268832556903362,4.8963676817948e-05,,0.35135602951049805,0.35135602951049805
/kaggle/input/datasets/tawsifurrahman/covid19-radiography-database/COVID-19_Radiography_Dataset/Lung_Opacity/images/Lung_Opacity-958.png,Lung_Opacity,Lung_Opacity,0.0006369403563439846,0.9962265491485596,0.002882997039705515,0.0002536037063691765,,,
/kaggle/input/datasets/tawsifurrahman/covid19-radiography-database/COVID-19_Radiography_Dataset/Lung_Opacity/images/Lung_Opacity-960.png,Lung_Opacity,Lung_Opacity,0.0002564036403782666,0.999550998210907,5.95481506024953e-05,0.00013297756959218532,,,
/kaggle/input/datasets/tawsifurrahman/covid19-radiography-database/COVID-19_Radiography_Dataset/Lung_Opacity/images/Lung_Opacity-966.png,Lung_Opacity,Lung_Opacity,0.0004901867359876633,0.966191828250885,0.03196987137198448,0.0013480038614943624,,,
/kaggle/input/datasets/tawsifurrahman/covid19-radiography-database/COVID-19_Radiography_Dataset/Lung_Opacity/images/Lung_Opacity-977.png,Lung_Opacity,Lung_Opacity,3.232260132790543e-05,0.9988712668418884,0.0010963560780510306,1.4291257066645358e-08,,0.28660452365875244,0.28660452365875244
/kaggle/input/datasets/tawsifurrahman/covid19-radiography-database/COVID-19_Radiography_Dataset/Lung_Opacity/images/Lung_Opacity-983.png,Lung_Opacity,Lung_Opacity,0.17215359210968018,0.8248715400695801,0.0009996186709031463,0.0019752250518649817,,0.4872484803199768,0.4872484803199768
/kaggle/input/datasets/tawsifurrahman/covid19-radiography-database/COVID-19_Radiography_Dataset/Lung_Opacity/images/Lung_Opacity-987.png,Lung_Opacity,Normal,0.20148365199565887,0.07658500224351883,0.7219035029411316,2.787972698570229e-05,,0.25019949674606323,0.25019949674606323
/kaggle/input/datasets/tawsifurrahman/covid19-radiography-database/COVID-19_Radiography_Dataset/Lung_Opacity/images/Lung_Opacity-989.png,Lung_Opacity,Lung_Opacity,1.4459677686318173e-06,0.9992648959159851,0.0007335948175750673,1.9658483174644914e-10,,,
/kaggle/input/datasets/tawsifurrahman/covid19-radiography-database/COVID-19_Radiography_Dataset/Lung_Opacity/images/Lung_Opacity-99.png,Lung_Opacity,Lung_Opacity,9.504316039965488e-06,0.9528952836990356,0.047094736248254776,4.029658953186299e-07,,,
/kaggle/input/datasets/tawsifurrahman/covid19-radiography-database/COVID-19_Radiography_Dataset/Lung_Opacity/images/Lung_Opacity-992.png,Lung_Opacity,Normal,0.027344051748514175,0.48061448335647583,0.48879751563072205,0.0032440347131341696,,0.2440548986196518,0.2440548986196518
/kaggle/input/datasets/tawsifurrahman/covid19-radiography-database/COVID-19_Radiography_Dataset/Normal/images/Normal-100.png,Normal,Normal,0.00019124191021546721,0.00038762681651860476,0.9380829334259033,0.061338167637586594,,,
/kaggle/input/datasets/tawsifurrahman/covid19-radiography-database/COVID-19_Radiography_Dataset/Normal/images/Normal-10006.png,Normal,Normal,4.5425495045492426e-05,0.17705267667770386,0.8229017853736877,1.5197200298189273e-07,,,
/kaggle/input/datasets/tawsifurrahman/covid19-radiography-database/COVID-19_Radiography_Dataset/Normal/images/Normal-10007.png,Normal,Normal,0.13515573740005493,0.06762193888425827,0.7970831394195557,0.00013914758164901286,,,
/kaggle/input/datasets/tawsifurrahman/covid19-radiography-database/COVID-19_Radiography_Dataset/Normal/images/Normal-10030.png,Normal,Normal,0.2296740561723709,0.016275107860565186,0.75395268201828,9.820444392971694e-05,,0.48976296186447144,0.48976296186447144
/kaggle/input/datasets/tawsifurrahman/covid19-radiography-database/COVID-19_Radiography_Dataset/Normal/images/Normal-10032.png,Normal,Normal,3.3892076316988096e-05,0.0011362850200384855,0.9988290667533875,6.999940183050057e-07,,0.5476645827293396,0.5476645827293396
/kaggle/input/datasets/tawsifurrahman/covid19-radiography-database/COVID-19_Radiography_Dataset/Normal/images/Normal-10059.png,Normal,Normal,0.0004135978233534843,0.008063049055635929,0.991523265838623,8.840989806913058e-08,,0.4117579758167267,0.4117579758167267
/kaggle/input/datasets/tawsifurrahman/covid19-radiography-database/COVID-19_Radiography_Dataset/Normal/images/Normal-10061.png,Normal,Normal,0.0004792005638591945,0.029721159487962723,0.969738781452179,6.083860353101045e-05,,,
/kaggle/input/datasets/tawsifurrahman/covid19-radiography-database/COVID-19_Radiography_Dataset/Normal/images/Normal-10063.png,Normal,Normal,6.611149728996679e-05,0.199201300740242,0.8007323145866394,1.9251601202086022e-07,,,
/kaggle/input/datasets/tawsifurrahman/covid19-radiography-database/COVID-19_Radiography_Dataset/Normal/images/Normal-10066.png,Normal,Normal,0.00754809333011508,0.012761020101606846,0.9796907305717468,9.237551523710863e-08,,,
/kaggle/input/datasets/tawsifurrahman/covid19-radiography-database/COVID-19_Radiography_Dataset/Normal/images/Normal-10067.png,Normal,Normal,0.0004906796384602785,0.0026852113660424948,0.9968159794807434,8.126604370772839e-06,,,
/kaggle/input/datasets/tawsifurrahman/covid19-radiography-database/COVID-19_Radiography_Dataset/Normal/images/Normal-1007.png,Normal,Normal,0.0004300671280361712,0.00043161865323781967,0.9938473105430603,0.005290998611599207,,,
/kaggle/input/datasets/tawsifurrahman/covid19-radiography-database/COVID-19_Radiography_Dataset/Normal/images/Normal-10083.png,Normal,Normal,0.00527159171178937,0.06742661446332932,0.9270992279052734,0.0002025697031058371,,,
/kaggle/input/datasets/tawsifurrahman/covid19-radiography-database/COVID-19_Radiography_Dataset/Normal/images/Normal-10088.png,Normal,Normal,0.001978757092729211,0.05845857411623001,0.9392375946044922,0.0003250944137107581,,,
/kaggle/input/datasets/tawsifurrahman/covid19-radiography-database/COVID-19_Radiography_Dataset/Normal/images/Normal-10094.png,Normal,Normal,0.001656344160437584,0.30205389857292175,0.6962571740150452,3.259972436353564e-05,,,
/kaggle/input/datasets/tawsifurrahman/covid19-radiography-database/COVID-19_Radiography_Dataset/Normal/images/Normal-10097.png,Normal,Normal,0.01090151071548462,0.05782361328601837,0.9269850254058838,0.004289770033210516,,0.680595338344574,0.680595338344574
/kaggle/input/datasets/tawsifurrahman/covid19-radiography-database/COVID-19_Radiography_Dataset/Normal/images/Normal-10098.png,Normal,Normal,0.0029635336250066757,0.0042586964555084705,0.9927585124969482,1.9267223251517862e-05,,,
/kaggle/input/datasets/tawsifurrahman/covid19-radiography-database/COVID-19_Radiography_Dataset/Normal/images/Normal-10105.png,Normal,Normal,0.0011785357492044568,0.09350690990686417,0.9042350053787231,0.0010795628186315298,,,
/kaggle/input/datasets/tawsifurrahman/covid19-radiography-database/COVID-19_Radiography_Dataset/Normal/images/Normal-10117.png,Normal,Normal,0.0019831398967653513,0.0011757297907024622,0.9968103766441345,3.0689909181091934e-05,,0.47091642022132874,0.47091642022132874
/kaggle/input/datasets/tawsifurrahman/covid19-radiography-database/COVID-19_Radiography_Dataset/Normal/images/Normal-10125.png,Normal,Normal,0.005498628597706556,0.004893782082945108,0.9896049499511719,2.691115014386014e-06,,,
/kaggle/input/datasets/tawsifurrahman/covid19-radiography-database/COVID-19_Radiography_Dataset/Normal/images/Normal-10127.png,Normal,Normal,0.0008493939531035721,0.17019270360469818,0.828831672668457,0.00012614906881935894,,0.20389261841773987,0.20389261841773987
/kaggle/input/datasets/tawsifurrahman/covid19-radiography-database/COVID-19_Radiography_Dataset/Normal/images/Normal-10130.png,Normal,Normal,0.08384507894515991,0.013278711587190628,0.9028657674789429,1.0474866940057836e-05,,,
/kaggle/input/datasets/tawsifurrahman/covid19-radiography-database/COVID-19_Radiography_Dataset/Normal/images/Normal-10135.png,Normal,Normal,0.0005025480641052127,0.0327720083296299,0.9667096138000488,1.5828636605874635e-05,,,
/kaggle/input/datasets/tawsifurrahman/covid19-radiography-database/COVID-19_Radiography_Dataset/Normal/images/Normal-10136.png,Normal,Normal,5.310708729666658e-05,0.006764372810721397,0.9931821227073669,3.4969656326211407e-07,,0.41849347949028015,0.41849347949028015
/kaggle/input/datasets/tawsifurrahman/covid19-radiography-database/COVID-19_Radiography_Dataset/Normal/images/Normal-10138.png,Normal,Normal,0.00010911797289736569,0.021941741928458214,0.9779472947120667,1.8328030364500592e-06,,,
/kaggle/input/datasets/tawsifurrahman/covid19-radiography-database/COVID-19_Radiography_Dataset/Normal/images/Normal-10154.png,Normal,Normal,0.0064673637971282005,0.16166117787361145,0.8318135142326355,5.7894976634997874e-05,,,
/kaggle/input/datasets/tawsifurrahman/covid19-radiography-database/COVID-19_Radiography_Dataset/Normal/images/Normal-10163.png,Normal,Normal,0.00029458675999194384,0.0026673409156501293,0.9970377683639526,2.544588539876713e-07,,,
/kaggle/input/datasets/tawsifurrahman/covid19-radiography-database/COVID-19_Radiography_Dataset/Normal/images/Normal-10164.png,Normal,Normal,0.0017679126467555761,0.004973945207893848,0.9932576417922974,4.971615794602258e-07,,0.5136343240737915,0.5136343240737915
/kaggle/input/datasets/tawsifurrahman/covid19-radiography-database/COVID-19_Radiography_Dataset/Normal/images/Normal-10184.png,Normal,Normal,0.1414608508348465,0.22832584381103516,0.6301624774932861,5.089650221634656e-05,,,
/kaggle/input/datasets/tawsifurrahman/covid19-radiography-database/COVID-19_Radiography_Dataset/Normal/images/Normal-10185.png,Normal,Normal,7.310605724342167e-05,0.005227891728281975,0.9946986436843872,3.552691509867145e-07,,,
/kaggle/input/datasets/tawsifurrahman/covid19-radiography-database/COVID-19_Radiography_Dataset/Normal/images/Normal-10192.png,Normal,Normal,0.0005318663897924125,0.08116617053747177,0.9182867407798767,1.5187862118182238e-05,,0.3704102635383606,0.3704102635383606
/kaggle/input/datasets/tawsifurrahman/covid19-radiography-database/COVID-19_Radiography_Dataset/Normal/images/Normal-1035.png,Normal,Normal,2.6222529413644224e-05,0.00018113710393663496,0.9984204769134521,0.001372197293676436,,0.33853134512901306,0.33853134512901306
/kaggle/input/datasets/tawsifurrahman/covid19-radiography-database/COVID-19_Radiography_Dataset/Normal/images/Normal-1042.png,Normal,Normal,0.016686242073774338,0.00018678599735721946,0.9575955867767334,0.025531398132443428,,0.3242640793323517,0.3242640793323517
/kaggle/input/datasets/tawsifurrahman/covid19-radiography-database/COVID-19_Radiography_Dataset/Normal/images/Normal-1043.png,Normal,Normal,0.00025902819470502436,0.0019180688541382551,0.7674576640129089,0.23036526143550873,,0.25171029567718506,0.25171029567718506
/kaggle/input/datasets/tawsifurrahman/covid19-radiography-database/COVID-19_Radiography_Dataset/Normal/images/Normal-1044.png,Normal,Normal,0.0007155511411838233,0.0006389935151673853,0.9665171504020691,0.03212842717766762,,0.28411856293678284,0.28411856293678284
/kaggle/input/datasets/tawsifurrahman/covid19-radiography-database/COVID-19_Radiography_Dataset/Normal/images/Normal-1054.png,Normal,Normal,1.6766018234193325e-05,1.0842557003343245e-06,0.9999736547470093,8.41212477098452e-06,,,
/kaggle/input/datasets/tawsifurrahman/covid19-radiography-database/COVID-19_Radiography_Dataset/Normal/images/Normal-1057.png,Normal,Normal,0.0006418013363145292,0.0017293489072471857,0.9803551435470581,0.017273684963583946,,,
/kaggle/input/datasets/tawsifurrahman/covid19-radiography-database/COVID-19_Radiography_Dataset/Normal/images/Normal-1062.png,Normal,Normal,2.212057006545365e-05,0.0004056743055116385,0.9960111379623413,0.003561052493751049,,,
/kaggle/input/datasets/tawsifurrahman/covid19-radiography-database/COVID-19_Radiography_Dataset/Normal/images/Normal-1065.png,Normal,Normal,0.017136134207248688,0.0041377125307917595,0.8734000325202942,0.1053261086344719,,,
/kaggle/input/datasets/tawsifurrahman/covid19-radiography-database/COVID-19_Radiography_Dataset/Normal/images/Normal-1068.png,Normal,Normal,3.108479722868651e-05,0.00014898364315740764,0.9998094439506531,1.0534988177823834e-05,,,
/kaggle/input/datasets/tawsifurrahman/covid19-radiography-database/COVID-19_Radiography_Dataset/Normal/images/Normal-1074.png,Normal,Normal,0.0020224631298333406,0.0009927802020683885,0.9901388883590698,0.006845859345048666,,,
/kaggle/input/datasets/tawsifurrahman/covid19-radiography-database/COVID-19_Radiography_Dataset/Normal/images/Normal-1113.png,Normal,Normal,0.0007329595973715186,6.248976569622755e-05,0.9979203343391418,0.0012843224685639143,,0.16053719818592072,0.16053719818592072
/kaggle/input/datasets/tawsifurrahman/covid19-radiography-database/COVID-19_Radiography_Dataset/Normal/images/Normal-1116.png,Normal,Normal,0.00016723418957553804,0.0007991287857294083,0.9936270713806152,0.005406562238931656,,,
/kaggle/input/datasets/tawsifurrahman/covid19-radiography-database/COVID-19_Radiography_Dataset/Normal/images/Normal-1120.png,Normal,Normal,0.0004956482443958521,0.00021795165957883,0.9921667575836182,0.007119615562260151,,,
/kaggle/input/datasets/tawsifurrahman/covid19-radiography-database/COVID-19_Radiography_Dataset/Normal/images/Normal-1121.png,Normal,Normal,0.00021762849064543843,3.4451892133802176e-05,0.9995442032814026,0.00020369667618069798,,0.3572291135787964,0.3572291135787964
/kaggle/input/datasets/tawsifurrahman/covid19-radiography-database/COVID-19_Radiography_Dataset/Normal/images/Normal-1122.png,Normal,Normal,3.9141032175393775e-05,8.277831511804834e-05,0.9995796084403992,0.0002984859165735543,,0.23339274525642395,0.23339274525642395
/kaggle/input/datasets/tawsifurrahman/covid19-radiography-database/COVID-19_Radiography_Dataset/Normal/images/Normal-1130.png,Normal,Normal,0.0020917002111673355,0.0014349636621773243,0.9438607692718506,0.0526125431060791,,0.24773173034191132,0.24773173034191132
/kaggle/input/datasets/tawsifurrahman/covid19-radiography-database/COVID-19_Radiography_Dataset/Normal/images/Normal-1132.png,Normal,Normal,7.993472536327317e-06,0.0004128842265345156,0.9993582367897034,0.00022087500838097185,,0.33390313386917114,0.33390313386917114
/kaggle/input/datasets/tawsifurrahman/covid19-radiography-database/COVID-19_Radiography_Dataset/Normal/images/Normal-1137.png,Normal,Viral Pneumonia,4.477856418816373e-05,8.6079744505696e-05,0.31353771686553955,0.6863314509391785,,0.5123192667961121,0.5123192667961121
/kaggle/input/datasets/tawsifurrahman/covid19-radiography-database/COVID-19_Radiography_Dataset/Normal/images/Normal-1147.png,Normal,Normal,0.003119631204754114,6.82300451444462e-05,0.9968017339706421,1.0457410098752007e-05,,,
/kaggle/input/datasets/tawsifurrahman/covid19-radiography-database/COVID-19_Radiography_Dataset/Normal/images/Normal-1152.png,Normal,Normal,0.0009292554459534585,0.00039882934652268887,0.9885635375976562,0.010108422487974167,,,
/kaggle/input/datasets/tawsifurrahman/covid19-radiography-database/COVID-19_Radiography_Dataset/Normal/images/Normal-116.png,Normal,Normal,0.002015857957303524,0.0023714122362434864,0.9194973111152649,0.07611542195081711,,,
/kaggle/input/datasets/tawsifurrahman/covid19-radiography-database/COVID-19_Radiography_Dataset/Normal/images/Normal-1163.png,Normal,Normal,5.486245208885521e-05,4.523580173554365e-06,0.9994478821754456,0.0004928212147206068,,0.2684881091117859,0.2684881091117859
/kaggle/input/datasets/tawsifurrahman/covid19-radiography-database/COVID-19_Radiography_Dataset/Normal/images/Normal-1172.png,Normal,Normal,0.0009513701661489904,0.0014318687608465552,0.9928723573684692,0.004744423553347588,,,
/kaggle/input/datasets/tawsifurrahman/covid19-radiography-database/COVID-19_Radiography_Dataset/Normal/images/Normal-1176.png,Normal,Normal,8.417194408139039e-07,1.709597017907072e-05,0.9999786615371704,3.360506980243372e-06,,,
/kaggle/input/datasets/tawsifurrahman/covid19-radiography-database/COVID-19_Radiography_Dataset/Normal/images/Normal-1185.png,Normal,Normal,0.0006649020360782743,0.00018459244165569544,0.991953432559967,0.007197006139904261,,,
/kaggle/input/datasets/tawsifurrahman/covid19-radiography-database/COVID-19_Radiography_Dataset/Normal/images/Normal-1189.png,Normal,Normal,1.7078009477700107e-05,0.0002873234043363482,0.9937107563018799,0.005984857212752104,,,
/kaggle/input/datasets/tawsifurrahman/covid19-radiography-database/COVID-19_Radiography_Dataset/Normal/images/Normal-1199.png,Normal,Normal,0.0003407314943615347,0.00016437900194432586,0.9966964721679688,0.0027983488980680704,,0.2717507481575012,0.2717507481575012
/kaggle/input/datasets/tawsifurrahman/covid19-radiography-database/COVID-19_Radiography_Dataset/Normal/images/Normal-120.png,Normal,Normal,0.0003105658106505871,0.00023320318723563105,0.9989699125289917,0.00048628152580931783,,,
/kaggle/input/datasets/tawsifurrahman/covid19-radiography-database/COVID-19_Radiography_Dataset/Normal/images/Normal-1210.png,Normal,Normal,0.0002856314240489155,0.00013119705545250326,0.9986441731452942,0.000939057266805321,,0.3159777820110321,0.3159777820110321
/kaggle/input/datasets/tawsifurrahman/covid19-radiography-database/COVID-19_Radiography_Dataset/Normal/images/Normal-1211.png,Normal,Normal,0.007190777454525232,0.002218601293861866,0.9447458386421204,0.04584468901157379,,,
/kaggle/input/datasets/tawsifurrahman/covid19-radiography-database/COVID-19_Radiography_Dataset/Normal/images/Normal-1214.png,Normal,Normal,0.00048730644630268216,0.007216526195406914,0.952009379863739,0.040286749601364136,,,
/kaggle/input/datasets/tawsifurrahman/covid19-radiography-database/COVID-19_Radiography_Dataset/Normal/images/Normal-1218.png,Normal,Normal,0.0003536291478667408,0.0005181259475648403,0.9957139492034912,0.00341439270414412,,,
/kaggle/input/datasets/tawsifurrahman/covid19-radiography-database/COVID-19_Radiography_Dataset/Normal/images/Normal-1223.png,Normal,Normal,0.00035758528974838555,0.0005286119412630796,0.9972177743911743,0.0018960746238008142,,,
/kaggle/input/datasets/tawsifurrahman/covid19-radiography-database/COVID-19_Radiography_Dataset/Normal/images/Normal-1224.png,Normal,Normal,0.00022127185366116464,0.00018281051598023623,0.9977880716323853,0.0018078957218676805,,0.2984599471092224,0.2984599471092224
/kaggle/input/datasets/tawsifurrahman/covid19-radiography-database/COVID-19_Radiography_Dataset/Normal/images/Normal-1226.png,Normal,Normal,1.0026255040429533e-05,5.379583308240399e-05,0.9999123811721802,2.375425901846029e-05,,,
/kaggle/input/datasets/tawsifurrahman/covid19-radiography-database/COVID-19_Radiography_Dataset/Normal/images/Normal-1235.png,Normal,Normal,1.10490382212447e-05,8.680077371536754e-06,0.9994907379150391,0.0004895249148830771,,,
/kaggle/input/datasets/tawsifurrahman/covid19-radiography-database/COVID-19_Radiography_Dataset/Normal/images/Normal-124.png,Normal,Normal,0.0001171561743831262,8.854695624904707e-05,0.9993576407432556,0.0004367516958154738,,,
/kaggle/input/datasets/tawsifurrahman/covid19-radiography-database/COVID-19_Radiography_Dataset/Normal/images/Normal-1243.png,Normal,Normal,0.0005409946897998452,0.0005595033289864659,0.9924681782722473,0.006431309971958399,,0.3229999542236328,0.3229999542236328
/kaggle/input/datasets/tawsifurrahman/covid19-radiography-database/COVID-19_Radiography_Dataset/Normal/images/Normal-1252.png,Normal,Normal,5.3579304221784696e-05,0.00035264002508483827,0.9968350529670715,0.002758741844445467,,,
/kaggle/input/datasets/tawsifurrahman/covid19-radiography-database/COVID-19_Radiography_Dataset/Normal/images/Normal-1256.png,Normal,Normal,0.0010286640608683228,0.0045502218417823315,0.97995924949646,0.014461775310337543,,,
/kaggle/input/datasets/tawsifurrahman/covid19-radiography-database/COVID-19_Radiography_Dataset/Normal/images/Normal-1259.png,Normal,Normal,9.532458352623507e-05,0.00016897209570743144,0.9986912608146667,0.0010444601066410542,,0.3082706928253174,0.3082706928253174
/kaggle/input/datasets/tawsifurrahman/covid19-radiography-database/COVID-19_Radiography_Dataset/Normal/images/Normal-1271.png,Normal,Normal,0.00019306066678836942,0.00012433472147677094,0.9994159936904907,0.0002666463842615485,,,
/kaggle/input/datasets/tawsifurrahman/covid19-radiography-database/COVID-19_Radiography_Dataset/Normal/images/Normal-1292.png,Normal,Normal,0.003002169542014599,0.0004836561274714768,0.6365344524383545,0.3599797487258911,,,
/kaggle/input/datasets/tawsifurrahman/covid19-radiography-database/COVID-19_Radiography_Dataset/Normal/images/Normal-13.png,Normal,Normal,0.01567225530743599,0.2631671726703644,0.7211135625839233,4.704889943241142e-05,,0.22791750729084015,0.22791750729084015
/kaggle/input/datasets/tawsifurrahman/covid19-radiography-database/COVID-19_Radiography_Dataset/Normal/images/Normal-130.png,Normal,Normal,3.6732358239532914e-06,0.00016336410772055387,0.9996434450149536,0.0001895430905278772,,0.21329286694526672,0.21329286694526672
/kaggle/input/datasets/tawsifurrahman/covid19-radiography-database/COVID-19_Radiography_Dataset/Normal/images/Normal-1301.png,Normal,Normal,4.425649876793614e-06,3.082348484895192e-05,0.9997921586036682,0.00017264513007830828,,,
/kaggle/input/datasets/tawsifurrahman/covid19-radiography-database/COVID-19_Radiography_Dataset/Normal/images/Normal-1303.png,Normal,Normal,0.0002691158151719719,0.00020799347839783877,0.9977830052375793,0.0017397942719981074,,,
/kaggle/input/datasets/tawsifurrahman/covid19-radiography-database/COVID-19_Radiography_Dataset/Normal/images/Normal-1310.png,Normal,Normal,4.266783798811957e-05,0.0006642970838584006,0.9951717257499695,0.004121311474591494,,0.34161749482154846,0.34161749482154846
/kaggle/input/datasets/tawsifurrahman/covid19-radiography-database/COVID-19_Radiography_Dataset/Normal/images/Normal-1314.png,Normal,Normal,0.001045646145939827,9.247478737961501e-05,0.9848868250846863,0.013975134119391441,,,
/kaggle/input/datasets/tawsifurrahman/covid19-radiography-database/COVID-19_Radiography_Dataset/Normal/images/Normal-1328.png,Normal,Normal,3.978244785685092e-05,8.712440831004642e-06,0.9997865557670593,0.00016491096175741404,,,
/kaggle/input/datasets/tawsifurrahman/covid19-radiography-database/COVID-19_Radiography_Dataset/Normal/images/Normal-1329.png,Normal,Normal,0.04773534834384918,0.0035068364813923836,0.9271987080574036,0.02155914716422558,,0.485059529542923,0.485059529542923
/kaggle/input/datasets/tawsifurrahman/covid19-radiography-database/COVID-19_Radiography_Dataset/Normal/images/Normal-1348.png,Normal,Normal,7.008519605733454e-05,0.0005915003712289035,0.9797952175140381,0.01954314485192299,,,
/kaggle/input/datasets/tawsifurrahman/covid19-radiography-database/COVID-19_Radiography_Dataset/Normal/images/Normal-1358.png,Normal,Normal,0.0003169378323946148,0.0007794086704961956,0.9987817406654358,0.00012194723967695609,,,
/kaggle/input/datasets/tawsifurrahman/covid19-radiography-database/COVID-19_Radiography_Dataset/Normal/images/Normal-136.png,Normal,Normal,6.967473746044561e-05,7.75350708863698e-05,0.9308114647865295,0.06904125958681107,,,
/kaggle/input/datasets/tawsifurrahman/covid19-radiography-database/COVID-19_Radiography_Dataset/Normal/images/Normal-1362.png,Normal,Normal,1.1970006198680494e-05,5.681844413629733e-05,0.992877185344696,0.007054028566926718,,,
/kaggle/input/datasets/tawsifurrahman/covid19-radiography-database/COVID-19_Radiography_Dataset/Normal/images/Normal-1363.png,Normal,Normal,0.0028867165092378855,0.00019250449258834124,0.9932386875152588,0.0036821274552494287,,,
/kaggle/input/datasets/tawsifurrahman/covid19-radiography-database/COVID-19_Radiography_Dataset/Normal/images/Normal-1365.png,Normal,Normal,0.02316255494952202,0.0017043004045262933,0.972409725189209,0.0027233450673520565,,,
/kaggle/input/datasets/tawsifurrahman/covid19-radiography-database/COVID-19_Radiography_Dataset/Normal/images/Normal-1368.png,Normal,Normal,0.010115298442542553,0.008587346412241459,0.9812034964561462,9.385128214489669e-05,,0.30780309438705444,0.30780309438705444
/kaggle/input/datasets/tawsifurrahman/covid19-radiography-database/COVID-19_Radiography_Dataset/Normal/images/Normal-1370.png,Normal,Normal,3.776298763114028e-05,0.00023758957104291767,0.999607264995575,0.00011735734005924314,,,
/kaggle/input/datasets/tawsifurrahman/covid19-radiography-database/COVID-19_Radiography_Dataset/Normal/images/Normal-1371.png,Normal,Normal,0.00022516371973324567,0.0003402908332645893,0.9025883078575134,0.09684617072343826,,,
/kaggle/input/datasets/tawsifurrahman/covid19-radiography-database/COVID-19_Radiography_Dataset/Normal/images/Normal-1377.png,Normal,Normal,4.497537520364858e-05,0.00025021025794558227,0.9986516833305359,0.0010531444568186998,,0.22642654180526733,0.22642654180526733
/kaggle/input/datasets/tawsifurrahman/covid19-radiography-database/COVID-19_Radiography_Dataset/Normal/images/Normal-1382.png,Normal,Normal,0.004516060929745436,0.0056847576051950455,0.9859301447868347,0.0038690557703375816,,,
/kaggle/input/datasets/tawsifurrahman/covid19-radiography-database/COVID-19_Radiography_Dataset/Normal/images/Normal-1383.png,Normal,Normal,1.1618721146078315e-05,9.179125481750816e-05,0.9874831438064575,0.012413466349244118,,,
/kaggle/input/datasets/tawsifurrahman/covid19-radiography-database/COVID-19_Radiography_Dataset/Normal/images/Normal-1388.png,Normal,Viral Pneumonia,6.827149263699539e-06,0.0004891931312158704,0.060768477618694305,0.9387354850769043,,0.29624491930007935,0.29624491930007935
/kaggle/input/datasets/tawsifurrahman/covid19-radiography-database/COVID-19_Radiography_Dataset/Normal/images/Normal-1394.png,Normal,Normal,0.0010884978109970689,0.0004562402027659118,0.8455845713615417,0.1528708040714264,,,
/kaggle/input/datasets/tawsifurrahman/covid19-radiography-database/COVID-19_Radiography_Dataset/Normal/images/Normal-1396.png,Normal,Viral Pneumonia,7.419793109875172e-05,0.0021233507432043552,0.025664836168289185,0.9721376895904541,,0.22288130223751068,0.22288130223751068
/kaggle/input/datasets/tawsifurrahman/covid19-radiography-database/COVID-19_Radiography_Dataset/Normal/images/Normal-1398.png,Normal,Viral Pneumonia,7.410097896354273e-05,0.0006446504849009216,0.08267617225646973,0.9166050553321838,,,
/kaggle/input/datasets/tawsifurrahman/covid19-radiography-database/COVID-19_Radiography_Dataset/Normal/images/Normal-1406.png,Normal,Normal,0.01144480612128973,0.009217960759997368,0.9793369770050049,2.4569052925471624e-07,,0.39674437046051025,0.39674437046051025
/kaggle/input/datasets/tawsifurrahman/covid19-radiography-database/COVID-19_Radiography_Dataset/Normal/images/Normal-1417.png,Normal,Normal,0.003505186177790165,0.0017050448805093765,0.994789719581604,6.141254971225862e-08,,,
/kaggle/input/datasets/tawsifurrahman/covid19-radiography-database/COVID-19_Radiography_Dataset/Normal/images/Normal-1419.png,Normal,COVID,0.5826717615127563,0.0027527979109436274,0.41443145275115967,0.0001439695479348302,,,
/kaggle/input/datasets/tawsifurrahman/covid19-radiography-database/COVID-19_Radiography_Dataset/Normal/images/Normal-1423.png,Normal,Normal,0.027226213365793228,0.0034424387849867344,0.9693288803100586,2.481175897628418e-06,,,
/kaggle/input/datasets/tawsifurrahman/covid19-radiography-database/COVID-19_Radiography_Dataset/Normal/images/Normal-1424.png,Normal,Normal,0.11086656153202057,0.022603338584303856,0.8664995431900024,3.062922405661084e-05,,,
/kaggle/input/datasets/tawsifurrahman/covid19-radiography-database/COVID-19_Radiography_Dataset/Normal/images/Normal-1425.png,Normal,Normal,0.0010198476957157254,0.004224700853228569,0.9947415590286255,1.3888006833440159e-05,,0.5355441570281982,0.5355441570281982
/kaggle/input/datasets/tawsifurrahman/covid19-radiography-database/COVID-19_Radiography_Dataset/Normal/images/Normal-1437.png,Normal,Normal,0.0007393358973786235,0.018138263374567032,0.9811124801635742,9.983971722249407e-06,,,
/kaggle/input/datasets/tawsifurrahman/covid19-radiography-database/COVID-19_Radiography_Dataset/Normal/images/Normal-1446.png,Normal,Normal,0.006866581737995148,0.012931021861732006,0.980201780796051,6.806481565035938e-07,,,
/kaggle/input/datasets/tawsifurrahman/covid19-radiography-database/COVID-19_Radiography_Dataset/Normal/images/Normal-145.png,Normal,Normal,0.0008682551560923457,0.0010832027764990926,0.8640309572219849,0.13401755690574646,,,
/kaggle/input/datasets/tawsifurrahman/covid19-radiography-database/COVID-19_Radiography_Dataset/Normal/images/Normal-1453.png,Normal,Lung_Opacity,0.0008043886628001928,0.843281626701355,0.15579524636268616,0.00011874338815687224,,0.3052109181880951,0.3052109181880951
/kaggle/input/datasets/tawsifurrahman/covid19-radiography-database/COVID-19_Radiography_Dataset/Normal/images/Normal-1458.png,Normal,Normal,0.00408273795619607,0.05770028755068779,0.9382112622261047,5.668749963660957e-06,,,
/kaggle/input/datasets/tawsifurrahman/covid19-radiography-database/COVID-19_Radiography_Dataset/Normal/images/Normal-1459.png,Normal,Normal,0.00023303714988287538,0.015923118218779564,0.9838436245918274,2.403821213192714e-07,,,
/kaggle/input/datasets/tawsifurrahman/covid19-radiography-database/COVID-19_Radiography_Dataset/Normal/images/Normal-1468.png,Normal,Normal,0.0014671627432107925,0.007283058948814869,0.9912211894989014,2.857819345081225e-05,,,
/kaggle/input/datasets/tawsifurrahman/covid19-radiography-database/COVID-19_Radiography_Dataset/Normal/images/Normal-1470.png,Normal,Normal,0.03304746374487877,0.0261157788336277,0.9405965805053711,0.00024022294383030385,,,
/kaggle/input/datasets/tawsifurrahman/covid19-radiography-database/COVID-19_Radiography_Dataset/Normal/images/Normal-1479.png,Normal,COVID,0.9518986940383911,0.01231351587921381,0.035785283893346786,2.513121216907166e-06,,0.3648160696029663,0.3648160696029663
/kaggle/input/datasets/tawsifurrahman/covid19-radiography-database/COVID-19_Radiography_Dataset/Normal/images/Normal-1483.png,Normal,Normal,0.0013161074602976441,0.06848862767219543,0.9301931262016296,2.114864400937222e-06,,0.41315266489982605,0.41315266489982605
/kaggle/input/datasets/tawsifurrahman/covid19-radiography-database/COVID-19_Radiography_Dataset/Normal/images/Normal-1491.png,Normal,Normal,0.07870566844940186,0.3651086986064911,0.5561712980270386,1.4329912119137589e-05,,,
/kaggle/input/datasets/tawsifurrahman/covid19-radiography-database/COVID-19_Radiography_Dataset/Normal/images/Normal-1496.png,Normal,Normal,7.526759873144329e-05,0.0409562848508358,0.9589670896530151,1.3565750123234466e-06,,,
/kaggle/input/datasets/tawsifurrahman/covid19-radiography-database/COVID-19_Radiography_Dataset/Normal/images/Normal-1502.png,Normal,Normal,0.0006401443388313055,0.015535605140030384,0.9838197827339172,4.486970283323899e-06,,,
/kaggle/input/datasets/tawsifurrahman/covid19-radiography-database/COVID-19_Radiography_Dataset/Normal/images/Normal-1504.png,Normal,Normal,0.00031263544224202633,0.012536542490124702,0.9871495366096497,1.3183604323785403e-06,,,
/kaggle/input/datasets/tawsifurrahman/covid19-radiography-database/COVID-19_Radiography_Dataset/Normal/images/Normal-1510.png,Normal,Normal,0.004123486112803221,0.384695827960968,0.6097492575645447,0.001431439071893692,,,
/kaggle/input/datasets/tawsifurrahman/covid19-radiography-database/COVID-19_Radiography_Dataset/Normal/images/Normal-1511.png,Normal,Normal,0.0034456115681678057,0.004543079063296318,0.9920111298561096,1.634720803167511e-07,,,
/kaggle/input/datasets/tawsifurrahman/covid19-radiography-database/COVID-19_Radiography_Dataset/Normal/images/Normal-1516.png,Normal,COVID,0.6723151206970215,0.0019388876389712095,0.32572129368782043,2.4734054022701457e-05,,,
/kaggle/input/datasets/tawsifurrahman/covid19-radiography-database/COVID-19_Radiography_Dataset/Normal/images/Normal-1517.png,Normal,Normal,0.00017305329674854875,0.002079753205180168,0.9977471232414246,6.274066066680462e-08,,0.4987003803253174,0.4987003803253174
/kaggle/input/datasets/tawsifurrahman/covid19-radiography-database/COVID-19_Radiography_Dataset/Normal/images/Normal-1519.png,Normal,Normal,0.008127833716571331,0.01709788851439953,0.9747664332389832,7.832283699826803e-06,,,
/kaggle/input/datasets/tawsifurrahman/covid19-radiography-database/COVID-19_Radiography_Dataset/Normal/images/Normal-1535.png,Normal,Normal,0.027280693873763084,0.004466178361326456,0.9674244523048401,0.0008286336669698358,,0.408334881067276,0.408334881067276
/kaggle/input/datasets/tawsifurrahman/covid19-radiography-database/COVID-19_Radiography_Dataset/Normal/images/Normal-1543.png,Normal,Normal,2.4389390091528185e-05,0.012739184312522411,0.9872363805770874,9.45357712112127e-08,,,
/kaggle/input/datasets/tawsifurrahman/covid19-radiography-database/COVID-19_Radiography_Dataset/Normal/images/Normal-1544.png,Normal,Normal,0.006809617858380079,0.003785015782341361,0.9894009232521057,4.40564144810196e-06,,0.606574296951294,0.606574296951294
/kaggle/input/datasets/tawsifurrahman/covid19-radiography-database/COVID-19_Radiography_Dataset/Normal/images/Normal-1547.png,Normal,Normal,0.07162457704544067,0.1488649547100067,0.7793979048728943,0.00011257598816882819,,,
/kaggle/input/datasets/tawsifurrahman/covid19-radiography-database/COVID-19_Radiography_Dataset/Normal/images/Normal-1561.png,Normal,Normal,3.12435113301035e-05,0.0010431463597342372,0.9989252686500549,3.1402760214405134e-07,,0.42503318190574646,0.42503318190574646
/kaggle/input/datasets/tawsifurrahman/covid19-radiography-database/COVID-19_Radiography_Dataset/Normal/images/Normal-1562.png,Normal,Normal,0.00029227256891317666,0.014453751035034657,0.9852537512779236,2.9725745775976975e-07,,,
/kaggle/input/datasets/tawsifurrahman/covid19-radiography-database/COVID-19_Radiography_Dataset/Normal/images/Normal-1568.png,Normal,Normal,7.22249096725136e-05,0.06631478667259216,0.9334866404533386,0.00012631072604563087,,,
/kaggle/input/datasets/tawsifurrahman/covid19-radiography-database/COVID-19_Radiography_Dataset/Normal/images/Normal-1575.png,Normal,Normal,0.0382404699921608,0.0026316260918974876,0.9591271877288818,7.734199130027264e-07,,,
/kaggle/input/datasets/tawsifurrahman/covid19-radiography-database/COVID-19_Radiography_Dataset/Normal/images/Normal-1580.png,Normal,Normal,0.017458613961935043,0.014777003787457943,0.9677594900131226,4.957453711540438e-06,,,
/kaggle/input/datasets/tawsifurrahman/covid19-radiography-database/COVID-19_Radiography_Dataset/Normal/images/Normal-1581.png,Normal,Normal,0.00011049538443330675,0.009100026451051235,0.9907823204994202,7.095952696545282e-06,,0.4816593825817108,0.4816593825817108
/kaggle/input/datasets/tawsifurrahman/covid19-radiography-database/COVID-19_Radiography_Dataset/Normal/images/Normal-1586.png,Normal,Normal,0.000966906372923404,0.0010651551419869065,0.997967541217804,3.159905759275716e-07,,,
/kaggle/input/datasets/tawsifurrahman/covid19-radiography-database/COVID-19_Radiography_Dataset/Normal/images/Normal-159.png,Normal,Normal,0.0004043391381856054,8.379240171052516e-05,0.9992513060569763,0.0002605383924674243,,,
/kaggle/input/datasets/tawsifurrahman/covid19-radiography-database/COVID-19_Radiography_Dataset/Normal/images/Normal-1603.png,Normal,Normal,0.0024130698293447495,0.008389398455619812,0.9891846179962158,1.2852638064941857e-05,,0.45393285155296326,0.45393285155296326
/kaggle/input/datasets/tawsifurrahman/covid19-radiography-database/COVID-19_Radiography_Dataset/Normal/images/Normal-1604.png,Normal,Normal,0.0006071259849704802,0.02616504766047001,0.9732236862182617,4.1123544178844895e-06,,0.498411625623703,0.498411625623703
/kaggle/input/datasets/tawsifurrahman/covid19-radiography-database/COVID-19_Radiography_Dataset/Normal/images/Normal-161.png,Normal,COVID,0.751448392868042,0.00410578865557909,0.23782236874103546,0.0066234213300049305,,0.18675275146961212,0.18675275146961212
/kaggle/input/datasets/tawsifurrahman/covid19-radiography-database/COVID-19_Radiography_Dataset/Normal/images/Normal-1618.png,Normal,Normal,0.12421558052301407,0.0035445522516965866,0.8722388744354248,1.0704507076297887e-06,,0.46289947628974915,0.46289947628974915
/kaggle/input/datasets/tawsifurrahman/covid19-radiography-database/COVID-19_Radiography_Dataset/Normal/images/Normal-1625.png,Normal,Normal,0.00014239820302464068,0.04244270548224449,0.9574141502380371,7.158338917179208e-07,,0.24989858269691467,0.24989858269691467
/kaggle/input/datasets/tawsifurrahman/covid19-radiography-database/COVID-19_Radiography_Dataset/Normal/images/Normal-1632.png,Normal,Normal,2.1706462575821206e-05,0.02966327965259552,0.96209716796875,0.008217873051762581,,0.19531264901161194,0.19531264901161194
/kaggle/input/datasets/tawsifurrahman/covid19-radiography-database/COVID-19_Radiography_Dataset/Normal/images/Normal-1642.png,Normal,Normal,3.5698314604815096e-05,0.03481508046388626,0.965112030506134,3.718085281434469e-05,,,
/kaggle/input/datasets/tawsifurrahman/covid19-radiography-database/COVID-19_Radiography_Dataset/Normal/images/Normal-1643.png,Normal,Normal,0.00056453951401636,0.002904336666688323,0.9951809644699097,0.0013501455541700125,,0.3971020579338074,0.3971020579338074
/kaggle/input/datasets/tawsifurrahman/covid19-radiography-database/COVID-19_Radiography_Dataset/Normal/images/Normal-1655.png,Normal,Normal,0.05780073255300522,0.037647001445293427,0.904549241065979,2.998108811880229e-06,,,
/kaggle/input/datasets/tawsifurrahman/covid19-radiography-database/COVID-19_Radiography_Dataset/Normal/images/Normal-167.png,Normal,Normal,0.0003603425284381956,0.00010133634350495413,0.9991543292999268,0.00038407169631682336,,,
/kaggle/input/datasets/tawsifurrahman/covid19-radiography-database/COVID-19_Radiography_Dataset/Normal/images/Normal-1675.png,Normal,Normal,0.0031673707999289036,0.12282631546258926,0.8740059733390808,3.7705089539485925e-07,,,
/kaggle/input/datasets/tawsifurrahman/covid19-radiography-database/COVID-19_Radiography_Dataset/Normal/images/Normal-1679.png,Normal,Normal,0.0014350811252370477,0.00016554995090700686,0.9983993172645569,2.1710299336064054e-08,,,
/kaggle/input/datasets/tawsifurrahman/covid19-radiography-database/COVID-19_Radiography_Dataset/Normal/images/Normal-168.png,Normal,Viral Pneumonia,5.065098957857117e-05,0.001494338270276785,0.35052868723869324,0.6479262709617615,,,
/kaggle/input/datasets/tawsifurrahman/covid19-radiography-database/COVID-19_Radiography_Dataset/Normal/images/Normal-1681.png,Normal,COVID,0.6187062859535217,0.002676259493455291,0.37861552834510803,1.9640326627268223e-06,,,
/kaggle/input/datasets/tawsifurrahman/covid19-radiography-database/COVID-19_Radiography_Dataset/Normal/images/Normal-1682.png,Normal,Normal,0.010798122733831406,0.0044405157677829266,0.984761118888855,2.4243004759227915e-07,,,
/kaggle/input/datasets/tawsifurrahman/covid19-radiography-database/COVID-19_Radiography_Dataset/Normal/images/Normal-1688.png,Normal,Normal,0.006687951739877462,0.03607010468840599,0.957190752029419,5.118031913298182e-05,,0.35725268721580505,0.35725268721580505
/kaggle/input/datasets/tawsifurrahman/covid19-radiography-database/COVID-19_Radiography_Dataset/Normal/images/Normal-1702.png,Normal,Normal,0.013038763776421547,0.0013292093062773347,0.9856292605400085,2.6831735340238083e-06,,,
/kaggle/input/datasets/tawsifurrahman/covid19-radiography-database/COVID-19_Radiography_Dataset/Normal/images/Normal-1703.png,Normal,Normal,0.05852597951889038,0.008564031682908535,0.9329019784927368,7.964626092871185e-06,,,
/kaggle/input/datasets/tawsifurrahman/covid19-radiography-database/COVID-19_Radiography_Dataset/Normal/images/Normal-1712.png,Normal,Normal,0.0009213537559844553,0.0045927600003778934,0.9944853186607361,4.836418270315335e-07,,0.3188958168029785,0.3188958168029785
/kaggle/input/datasets/tawsifurrahman/covid19-radiography-database/COVID-19_Radiography_Dataset/Normal/images/Normal-1716.png,Normal,Normal,1.638125831959769e-05,0.0024731189478188753,0.9975085258483887,1.9604592580435565e-06,,,
/kaggle/input/datasets/tawsifurrahman/covid19-radiography-database/COVID-19_Radiography_Dataset/Normal/images/Normal-1750.png,Normal,Normal,0.0031174994073808193,0.021056972444057465,0.967962384223938,0.00786310900002718,,,
/kaggle/input/datasets/tawsifurrahman/covid19-radiography-database/COVID-19_Radiography_Dataset/Normal/images/Normal-1758.png,Normal,COVID,0.4537643492221832,0.13871702551841736,0.40695565938949585,0.000562920467928052,,,
/kaggle/input/datasets/tawsifurrahman/covid19-radiography-database/COVID-19_Radiography_Dataset/Normal/images/Normal-1774.png,Normal,Normal,0.009201946668326855,0.02147844061255455,0.9693173170089722,2.2634983452007873e-06,,,
/kaggle/input/datasets/tawsifurrahman/covid19-radiography-database/COVID-19_Radiography_Dataset/Normal/images/Normal-1775.png,Normal,Normal,0.04294055327773094,0.005689607933163643,0.9512099027633667,0.00015986182552296668,,,
/kaggle/input/datasets/tawsifurrahman/covid19-radiography-database/COVID-19_Radiography_Dataset/Normal/images/Normal-1792.png,Normal,Normal,0.0012290426529943943,0.0018386697629466653,0.9969316720962524,4.933136210638622e-07,,,
/kaggle/input/datasets/tawsifurrahman/covid19-radiography-database/COVID-19_Radiography_Dataset/Normal/images/Normal-1804.png,Normal,Normal,0.01680717058479786,0.0021915780380368233,0.9810013175010681,1.6924303736232105e-08,,,
/kaggle/input/datasets/tawsifurrahman/covid19-radiography-database/COVID-19_Radiography_Dataset/Normal/images/Normal-1809.png,Normal,Normal,0.0002595192927401513,0.11390834301710129,0.8857473134994507,8.482365228701383e-05,,,
/kaggle/input/datasets/tawsifurrahman/covid19-radiography-database/COVID-19_Radiography_Dataset/Normal/images/Normal-1810.png,Normal,COVID,0.6789342164993286,0.00480444123968482,0.31625622510910034,5.1276188060001004e-06,,0.3663288950920105,0.3663288950920105
/kaggle/input/datasets/tawsifurrahman/covid19-radiography-database/COVID-19_Radiography_Dataset/Normal/images/Normal-1815.png,Normal,Normal,8.591122195866774e-07,0.015597626566886902,0.984401524066925,7.723942374582293e-09,,0.4173917770385742,0.4173917770385742
/kaggle/input/datasets/tawsifurrahman/covid19-radiography-database/COVID-19_Radiography_Dataset/Normal/images/Normal-1819.png,Normal,Normal,0.0009682008530944586,0.0008524219156242907,0.9981788396835327,5.377410730034171e-07,,,
/kaggle/input/datasets/tawsifurrahman/covid19-radiography-database/COVID-19_Radiography_Dataset/Normal/images/Normal-1823.png,Normal,Lung_Opacity,0.01134349312633276,0.8160090446472168,0.1725941300392151,5.328203769749962e-05,,,
/kaggle/input/datasets/tawsifurrahman/covid19-radiography-database/COVID-19_Radiography_Dataset/Normal/images/Normal-1829.png,Normal,Normal,0.019267436116933823,0.0035886315163224936,0.9771066308021545,3.727467264980078e-05,,,
/kaggle/input/datasets/tawsifurrahman/covid19-radiography-database/COVID-19_Radiography_Dataset/Normal/images/Normal-1849.png,Normal,Normal,0.00047573313349857926,0.02576746605336666,0.9737474322319031,9.429591045773122e-06,,,
/kaggle/input/datasets/tawsifurrahman/covid19-radiography-database/COVID-19_Radiography_Dataset/Normal/images/Normal-1852.png,Normal,Normal,0.0008445605635643005,0.005562329199165106,0.9935728311538696,2.0231174858054146e-05,,0.2685703933238983,0.2685703933238983
/kaggle/input/datasets/tawsifurrahman/covid19-radiography-database/COVID-19_Radiography_Dataset/Normal/images/Normal-1853.png,Normal,COVID,0.7742816209793091,0.11988931894302368,0.1007547676563263,0.0050743743777275085,,0.28761914372444153,0.28761914372444153
/kaggle/input/datasets/tawsifurrahman/covid19-radiography-database/COVID-19_Radiography_Dataset/Normal/images/Normal-1856.png,Normal,Normal,0.019639302045106888,0.014230112545192242,0.9661248326301575,5.758525276178261e-06,,,
/kaggle/input/datasets/tawsifurrahman/covid19-radiography-database/COVID-19_Radiography_Dataset/Normal/images/Normal-1857.png,Normal,Normal,0.004198255017399788,0.009134244173765182,0.986664891242981,2.7056757971877232e-06,,0.36947131156921387,0.36947131156921387
/kaggle/input/datasets/tawsifurrahman/covid19-radiography-database/COVID-19_Radiography_Dataset/Normal/images/Normal-1869.png,Normal,Normal,0.00014549249317497015,0.010894407518208027,0.9889551997184753,4.837480901187519e-06,,,
/kaggle/input/datasets/tawsifurrahman/covid19-radiography-database/COVID-19_Radiography_Dataset/Normal/images/Normal-187.png,Normal,Normal,3.096111322520301e-05,0.0007259166450239718,0.9977895021438599,0.0014536210801452398,,,
/kaggle/input/datasets/tawsifurrahman/covid19-radiography-database/COVID-19_Radiography_Dataset/Normal/images/Normal-1889.png,Normal,Normal,0.011669854633510113,0.0026525608263909817,0.9853420257568359,0.00033555677509866655,,0.46211040019989014,0.46211040019989014
/kaggle/input/datasets/tawsifurrahman/covid19-radiography-database/COVID-19_Radiography_Dataset/Normal/images/Normal-1891.png,Normal,Normal,0.04776054248213768,0.2954152226448059,0.6567478179931641,7.643382559763268e-05,,,
/kaggle/input/datasets/tawsifurrahman/covid19-radiography-database/COVID-19_Radiography_Dataset/Normal/images/Normal-1893.png,Normal,Normal,0.10104113072156906,0.0007121454691514373,0.8982428312301636,3.9098335946619045e-06,,0.583482563495636,0.583482563495636
/kaggle/input/datasets/tawsifurrahman/covid19-radiography-database/COVID-19_Radiography_Dataset/Normal/images/Normal-1895.png,Normal,Normal,0.03371009603142738,0.006071087438613176,0.9601949453353882,2.376540214754641e-05,,0.4894137978553772,0.4894137978553772
/kaggle/input/datasets/tawsifurrahman/covid19-radiography-database/COVID-19_Radiography_Dataset/Normal/images/Normal-19.png,Normal,Normal,0.0137828029692173,0.0022280821576714516,0.9839571714401245,3.188612390658818e-05,,,
/kaggle/input/datasets/tawsifurrahman/covid19-radiography-database/COVID-19_Radiography_Dataset/Normal/images/Normal-1903.png,Normal,Normal,0.0018734998302534223,0.4761081039905548,0.5219554901123047,6.291009049164131e-05,,0.334128737449646,0.334128737449646
/kaggle/input/datasets/tawsifurrahman/covid19-radiography-database/COVID-19_Radiography_Dataset/Normal/images/Normal-1909.png,Normal,Normal,0.008155419491231441,0.029735270887613297,0.9621092081069946,1.4734409603534004e-07,,,
/kaggle/input/datasets/tawsifurrahman/covid19-radiography-database/COVID-19_Radiography_Dataset/Normal/images/Normal-1916.png,Normal,Normal,0.0011233966797590256,0.09367683529853821,0.9048927426338196,0.00030711456201970577,,0.3996453583240509,0.3996453583240509
/kaggle/input/datasets/tawsifurrahman/covid19-radiography-database/COVID-19_Radiography_Dataset/Normal/images/Normal-1926.png,Normal,Normal,0.230651393532753,0.0047593917697668076,0.7629303336143494,0.001658945926465094,,0.6682488322257996,0.6682488322257996
/kaggle/input/datasets/tawsifurrahman/covid19-radiography-database/COVID-19_Radiography_Dataset/Normal/images/Normal-1934.png,Normal,Normal,9.652028529671952e-05,0.0034396634437143803,0.9964621663093567,1.579895752001903e-06,,,
/kaggle/input/datasets/tawsifurrahman/covid19-radiography-database/COVID-19_Radiography_Dataset/Normal/images/Normal-1936.png,Normal,Normal,0.0004793219268321991,0.12863580882549286,0.8708838224411011,1.0665263516784762e-06,,,
/kaggle/input/datasets/tawsifurrahman/covid19-radiography-database/COVID-19_Radiography_Dataset/Normal/images/Normal-1939.png,Normal,Normal,0.04183286055922508,0.011310442350804806,0.9467810392379761,7.558617653558031e-05,,,
/kaggle/input/datasets/tawsifurrahman/covid19-radiography-database/COVID-19_Radiography_Dataset/Normal/images/Normal-195.png,Normal,Normal,7.105362601578236e-05,0.0008315599989145994,0.9777882695198059,0.021309103816747665,,,
/kaggle/input/datasets/tawsifurrahman/covid19-radiography-database/COVID-19_Radiography_Dataset/Normal/images/Normal-1952.png,Normal,Normal,0.0228885430842638,0.010704238899052143,0.9663947820663452,1.2393820725264959e-05,,,
/kaggle/input/datasets/tawsifurrahman/covid19-radiography-database/COVID-19_Radiography_Dataset/Normal/images/Normal-1957.png,Normal,Normal,0.006887223571538925,0.0023131005000323057,0.9907978773117065,1.8176608591602417e-06,,,
/kaggle/input/datasets/tawsifurrahman/covid19-radiography-database/COVID-19_Radiography_Dataset/Normal/images/Normal-1964.png,Normal,Normal,0.024039100855588913,0.11822959780693054,0.8572120666503906,0.0005191834061406553,,0.4311049282550812,0.4311049282550812
/kaggle/input/datasets/tawsifurrahman/covid19-radiography-database/COVID-19_Radiography_Dataset/Normal/images/Normal-1984.png,Normal,Normal,0.0057207089848816395,0.00556501979008317,0.9887077808380127,6.512141681014327e-06,,,
/kaggle/input/datasets/tawsifurrahman/covid19-radiography-database/COVID-19_Radiography_Dataset/Normal/images/Normal-1989.png,Normal,Normal,0.005620147101581097,0.047537900507450104,0.9468410015106201,9.22515653201117e-07,,,
/kaggle/input/datasets/tawsifurrahman/covid19-radiography-database/COVID-19_Radiography_Dataset/Normal/images/Normal-1991.png,Normal,Normal,0.0016983769601210952,0.3726378381252289,0.6256369948387146,2.6818897822522558e-05,,,
/kaggle/input/datasets/tawsifurrahman/covid19-radiography-database/COVID-19_Radiography_Dataset/Normal/images/Normal-1992.png,Normal,Normal,0.0047968365252017975,0.003925642464309931,0.9912719130516052,5.63754610993783e-06,,,
/kaggle/input/datasets/tawsifurrahman/covid19-radiography-database/COVID-19_Radiography_Dataset/Normal/images/Normal-1994.png,Normal,Normal,0.023710127919912338,0.2574197053909302,0.7164770364761353,0.0023931004106998444,,,
/kaggle/input/datasets/tawsifurrahman/covid19-radiography-database/COVID-19_Radiography_Dataset/Normal/images/Normal-2001.png,Normal,Normal,0.008867992088198662,0.40026360750198364,0.5906970500946045,0.00017134800145868212,,0.08202049881219864,0.08202049881219864
/kaggle/input/datasets/tawsifurrahman/covid19-radiography-database/COVID-19_Radiography_Dataset/Normal/images/Normal-2009.png,Normal,Normal,0.028674744069576263,0.014478584751486778,0.956828236579895,1.843842983362265e-05,,,
/kaggle/input/datasets/tawsifurrahman/covid19-radiography-database/COVID-19_Radiography_Dataset/Normal/images/Normal-2025.png,Normal,Normal,5.065017830929719e-06,0.0029540453106164932,0.9970408082008362,4.9242022015505427e-08,,0.41650351881980896,0.41650351881980896
/kaggle/input/datasets/tawsifurrahman/covid19-radiography-database/COVID-19_Radiography_Dataset/Normal/images/Normal-2030.png,Normal,Normal,0.007438511587679386,0.007676948327571154,0.9848349094390869,4.965112020727247e-05,,,
/kaggle/input/datasets/tawsifurrahman/covid19-radiography-database/COVID-19_Radiography_Dataset/Normal/images/Normal-2034.png,Normal,Normal,0.012358901090919971,0.08065203577280045,0.9068166613578796,0.00017247589130420238,,,
/kaggle/input/datasets/tawsifurrahman/covid19-radiography-database/COVID-19_Radiography_Dataset/Normal/images/Normal-2038.png,Normal,Normal,0.0057578375563025475,0.1343027502298355,0.8598648309707642,7.461178029188886e-05,,,
/kaggle/input/datasets/tawsifurrahman/covid19-radiography-database/COVID-19_Radiography_Dataset/Normal/images/Normal-2040.png,Normal,Normal,0.017248857766389847,0.003368786070495844,0.9793821573257446,2.0556093716095347e-07,,0.4963955879211426,0.4963955879211426
/kaggle/input/datasets/tawsifurrahman/covid19-radiography-database/COVID-19_Radiography_Dataset/Normal/images/Normal-2048.png,Normal,Normal,0.000158292445121333,0.0012473585084080696,0.9985942244529724,5.906261790755707e-08,,,
/kaggle/input/datasets/tawsifurrahman/covid19-radiography-database/COVID-19_Radiography_Dataset/Normal/images/Normal-2049.png,Normal,Normal,0.02267105132341385,0.0014454735210165381,0.9758812785148621,2.2382346287486143e-06,,0.6010696291923523,0.6010696291923523
/kaggle/input/datasets/tawsifurrahman/covid19-radiography-database/COVID-19_Radiography_Dataset/Normal/images/Normal-2057.png,Normal,Normal,0.497211754322052,0.0013476681197062135,0.5014367699623108,3.834858489426551e-06,,0.5281137824058533,0.5281137824058533
/kaggle/input/datasets/tawsifurrahman/covid19-radiography-database/COVID-19_Radiography_Dataset/Normal/images/Normal-2061.png,Normal,Normal,0.003955359570682049,0.013327624648809433,0.9826658964157104,5.1127066399203613e-05,,0.34678196907043457,0.34678196907043457
/kaggle/input/datasets/tawsifurrahman/covid19-radiography-database/COVID-19_Radiography_Dataset/Normal/images/Normal-2073.png,Normal,Normal,0.005857732146978378,0.005903931334614754,0.9882360100746155,2.3286163468583254e-06,,,
/kaggle/input/datasets/tawsifurrahman/covid19-radiography-database/COVID-19_Radiography_Dataset/Normal/images/Normal-2074.png,Normal,Normal,0.006142024416476488,0.003106901189312339,0.9907451868057251,5.877496278117178e-06,,0.6090046763420105,0.6090046763420105
/kaggle/input/datasets/tawsifurrahman/covid19-radiography-database/COVID-19_Radiography_Dataset/Normal/images/Normal-2078.png,Normal,Normal,9.406029857927933e-05,0.0017259311862289906,0.9981796741485596,3.9930662865117483e-07,,,
/kaggle/input/datasets/tawsifurrahman/covid19-radiography-database/COVID-19_Radiography_Dataset/Normal/images/Normal-2088.png,Normal,Normal,0.00010838669550139457,0.007414848078042269,0.9924766421318054,1.1077076322862922e-07,,,
/kaggle/input/datasets/tawsifurrahman/covid19-radiography-database/COVID-19_Radiography_Dataset/Normal/images/Normal-2089.png,Normal,Normal,0.00017383633530698717,0.002842036308720708,0.9969833493232727,7.551066687483399e-07,,,
/kaggle/input/datasets/tawsifurrahman/covid19-radiography-database/COVID-19_Radiography_Dataset/Normal/images/Normal-2092.png,Normal,Normal,0.015325482003390789,0.0038403274957090616,0.9808331727981567,1.017331555885903e-06,,0.44342517852783203,0.44342517852783203
/kaggle/input/datasets/tawsifurrahman/covid19-radiography-database/COVID-19_Radiography_Dataset/Normal/images/Normal-2094.png,Normal,Normal,0.0008610300719738007,0.004966441076248884,0.9941715598106384,9.264036862077774e-07,,0.393034964799881,0.393034964799881
/kaggle/input/datasets/tawsifurrahman/covid19-radiography-database/COVID-19_Radiography_Dataset/Normal/images/Normal-2102.png,Normal,Normal,0.00038320341263897717,0.006909835152328014,0.9927022457122803,4.789562808582559e-06,,,
/kaggle/input/datasets/tawsifurrahman/covid19-radiography-database/COVID-19_Radiography_Dataset/Normal/images/Normal-2103.png,Normal,Normal,3.3178362173202913e-06,0.07191014289855957,0.9278965592384338,0.00019003373745363206,,,
/kaggle/input/datasets/tawsifurrahman/covid19-radiography-database/COVID-19_Radiography_Dataset/Normal/images/Normal-2108.png,Normal,Normal,0.0009277177159674466,0.014949334785342216,0.984122633934021,3.0331392508742283e-07,,0.42966967821121216,0.42966967821121216
/kaggle/input/datasets/tawsifurrahman/covid19-radiography-database/COVID-19_Radiography_Dataset/Normal/images/Normal-2120.png,Normal,Normal,0.0023868053685873747,0.043258681893348694,0.9535229802131653,0.0008314851438626647,,,
/kaggle/input/datasets/tawsifurrahman/covid19-radiography-database/COVID-19_Radiography_Dataset/Normal/images/Normal-2126.png,Normal,Normal,0.00041413967846892774,0.0054296404123306274,0.9941552877426147,9.131184697253047e-07,,,
/kaggle/input/datasets/tawsifurrahman/covid19-radiography-database/COVID-19_Radiography_Dataset/Normal/images/Normal-2141.png,Normal,Normal,0.00014249082596506923,0.0022231508046388626,0.997632622718811,1.7891452444018796e-06,,,
/kaggle/input/datasets/tawsifurrahman/covid19-radiography-database/COVID-19_Radiography_Dataset/Normal/images/Normal-2149.png,Normal,Normal,0.4843791127204895,0.011841430328786373,0.503751814365387,2.7630077966023237e-05,,0.40570777654647827,0.40570777654647827
/kaggle/input/datasets/tawsifurrahman/covid19-radiography-database/COVID-19_Radiography_Dataset/Normal/images/Normal-215.png,Normal,Normal,4.8091391363414004e-05,0.0005590221262536943,0.9982669353485107,0.0011259479215368629,,,
/kaggle/input/datasets/tawsifurrahman/covid19-radiography-database/COVID-19_Radiography_Dataset/Normal/images/Normal-2150.png,Normal,Normal,0.046586159616708755,0.01710471697151661,0.9363074898719788,1.5896349623290007e-06,,,
/kaggle/input/datasets/tawsifurrahman/covid19-radiography-database/COVID-19_Radiography_Dataset/Normal/images/Normal-2154.png,Normal,Normal,8.224254270317033e-05,0.0009697297355160117,0.99894779920578,1.6190421092687757e-07,,0.4199223816394806,0.4199223816394806
/kaggle/input/datasets/tawsifurrahman/covid19-radiography-database/COVID-19_Radiography_Dataset/Normal/images/Normal-2157.png,Normal,Normal,0.04416852444410324,0.03225424513220787,0.9235758781433105,1.3342581723918556e-06,,,
/kaggle/input/datasets/tawsifurrahman/covid19-radiography-database/COVID-19_Radiography_Dataset/Normal/images/Normal-2163.png,Normal,Normal,0.0007455407758243382,0.042696643620729446,0.95652174949646,3.6044926673639566e-05,,,
/kaggle/input/datasets/tawsifurrahman/covid19-radiography-database/COVID-19_Radiography_Dataset/Normal/images/Normal-2174.png,Normal,Normal,0.000928009336348623,0.03196730092167854,0.9670554995536804,4.921359141007997e-05,,,
/kaggle/input/datasets/tawsifurrahman/covid19-radiography-database/COVID-19_Radiography_Dataset/Normal/images/Normal-2189.png,Normal,Normal,0.0002205861237598583,0.006133154034614563,0.993645429611206,8.91989941464999e-07,,,
/kaggle/input/datasets/tawsifurrahman/covid19-radiography-database/COVID-19_Radiography_Dataset/Normal/images/Normal-2209.png,Normal,Normal,0.0003233110473956913,0.005506066605448723,0.9941692352294922,1.402429575136921e-06,,,
/kaggle/input/datasets/tawsifurrahman/covid19-radiography-database/COVID-19_Radiography_Dataset/Normal/images/Normal-2210.png,Normal,Normal,0.0003596092283260077,0.008122995495796204,0.9915135502815247,3.8732491702830885e-06,,0.27466046810150146,0.27466046810150146
/kaggle/input/datasets/tawsifurrahman/covid19-radiography-database/COVID-19_Radiography_Dataset/Normal/images/Normal-2225.png,Normal,Normal,1.4309775906440336e-05,0.027040936052799225,0.9729442000389099,5.656058874592418e-07,,0.4541204571723938,0.4541204571723938
/kaggle/input/datasets/tawsifurrahman/covid19-radiography-database/COVID-19_Radiography_Dataset/Normal/images/Normal-2228.png,Normal,Normal,7.161960820667446e-05,0.0035345451906323433,0.9963825941085815,1.1264523891441058e-05,,,
/kaggle/input/datasets/tawsifurrahman/covid19-radiography-database/COVID-19_Radiography_Dataset/Normal/images/Normal-2231.png,Normal,Normal,0.006022633984684944,0.009741128422319889,0.9842310547828674,5.213497388467658e-06,,,
/kaggle/input/datasets/tawsifurrahman/covid19-radiography-database/COVID-19_Radiography_Dataset/Normal/images/Normal-2240.png,Normal,Normal,1.1758505934267305e-05,0.06023560091853142,0.9397521018981934,5.119487695992575e-07,,,
/kaggle/input/datasets/tawsifurrahman/covid19-radiography-database/COVID-19_Radiography_Dataset/Normal/images/Normal-2254.png,Normal,Normal,0.14076849818229675,0.0069074127823114395,0.8523125648498535,1.1487425581435673e-05,,0.399373322725296,0.399373322725296
/kaggle/input/datasets/tawsifurrahman/covid19-radiography-database/COVID-19_Radiography_Dataset/Normal/images/Normal-2268.png,Normal,Normal,0.00010924387606792152,0.012423012405633926,0.9874634742736816,4.283789621695178e-06,,0.36600103974342346,0.36600103974342346
/kaggle/input/datasets/tawsifurrahman/covid19-radiography-database/COVID-19_Radiography_Dataset/Normal/images/Normal-227.png,Normal,Normal,0.00017944547289516777,0.0012279355432838202,0.8903593420982361,0.10823322832584381,,0.3418000042438507,0.3418000042438507
/kaggle/input/datasets/tawsifurrahman/covid19-radiography-database/COVID-19_Radiography_Dataset/Normal/images/Normal-2273.png,Normal,Normal,0.006584976799786091,0.014125687070190907,0.9792891144752502,2.0720861471090757e-07,,0.3529535233974457,0.3529535233974457
/kaggle/input/datasets/tawsifurrahman/covid19-radiography-database/COVID-19_Radiography_Dataset/Normal/images/Normal-2277.png,Normal,Normal,9.373693319503218e-05,0.010354254394769669,0.9895506501197815,1.2767055750373402e-06,,,
/kaggle/input/datasets/tawsifurrahman/covid19-radiography-database/COVID-19_Radiography_Dataset/Normal/images/Normal-2278.png,Normal,Normal,0.08168181777000427,0.018001055344939232,0.9003148674964905,2.211161927334615e-06,,,
/kaggle/input/datasets/tawsifurrahman/covid19-radiography-database/COVID-19_Radiography_Dataset/Normal/images/Normal-2281.png,Normal,Normal,0.00034922390477731824,0.025769861415028572,0.9738674759864807,1.3472970749717206e-05,,,
/kaggle/input/datasets/tawsifurrahman/covid19-radiography-database/COVID-19_Radiography_Dataset/Normal/images/Normal-2283.png,Normal,Normal,0.04302901029586792,0.031213676556944847,0.9257333874702454,2.386757478234358e-05,,0.5428165197372437,0.5428165197372437
/kaggle/input/datasets/tawsifurrahman/covid19-radiography-database/COVID-19_Radiography_Dataset/Normal/images/Normal-2293.png,Normal,Normal,0.005900900345295668,0.09308432787656784,0.8989744782447815,0.0020402593072503805,,,
/kaggle/input/datasets/tawsifurrahman/covid19-radiography-database/COVID-19_Radiography_Dataset/Normal/images/Normal-2297.png,Normal,Normal,0.0019559620413929224,0.0014796789037063718,0.9965565204620361,7.913316949270666e-06,,,
/kaggle/input/datasets/tawsifurrahman/covid19-radiography-database/COVID-19_Radiography_Dataset/Normal/images/Normal-2302.png,Normal,Normal,0.008263981901109219,0.0013463068753480911,0.9903826117515564,7.197264039859874e-06,,0.4376128613948822,0.4376128613948822
/kaggle/input/datasets/tawsifurrahman/covid19-radiography-database/COVID-19_Radiography_Dataset/Normal/images/Normal-2306.png,Normal,Normal,0.0033411995973438025,0.0049482546746730804,0.9917086958885193,1.8583826886242605e-06,,,
/kaggle/input/datasets/tawsifurrahman/covid19-radiography-database/COVID-19_Radiography_Dataset/Normal/images/Normal-2307.png,Normal,Normal,0.0018667312106117606,0.043474145233631134,0.9546555280685425,3.594327381506446e-06,,,
/kaggle/input/datasets/tawsifurrahman/covid19-radiography-database/COVID-19_Radiography_Dataset/Normal/images/Normal-2311.png,Normal,Lung_Opacity,0.00026480708038434386,0.7496216297149658,0.2501085102558136,5.1099832489853725e-06,,,
/kaggle/input/datasets/tawsifurrahman/covid19-radiography-database/COVID-19_Radiography_Dataset/Normal/images/Normal-2313.png,Normal,Normal,0.3269769251346588,0.22506338357925415,0.44778087735176086,0.00017883522377815098,,0.08748488128185272,0.08748488128185272
/kaggle/input/datasets/tawsifurrahman/covid19-radiography-database/COVID-19_Radiography_Dataset/Normal/images/Normal-2315.png,Normal,Normal,1.2799055184586905e-05,0.017610466107726097,0.9823766946792603,2.7997794305179013e-08,,,
/kaggle/input/datasets/tawsifurrahman/covid19-radiography-database/COVID-19_Radiography_Dataset/Normal/images/Normal-2321.png,Normal,Normal,0.00046409564674831927,0.05711251124739647,0.9424225687980652,8.052406315073313e-07,,0.4876144230365753,0.4876144230365753
/kaggle/input/datasets/tawsifurrahman/covid19-radiography-database/COVID-19_Radiography_Dataset/Normal/images/Normal-2323.png,Normal,Normal,0.0006229653372429311,0.004041492007672787,0.995335042476654,5.717732847188017e-07,,0.5531159043312073,0.5531159043312073
/kaggle/input/datasets/tawsifurrahman/covid19-radiography-database/COVID-19_Radiography_Dataset/Normal/images/Normal-2327.png,Normal,Normal,0.0031704725697636604,0.0018738589715212584,0.9949555993080139,6.654571560460454e-09,,,
/kaggle/input/datasets/tawsifurrahman/covid19-radiography-database/COVID-19_Radiography_Dataset/Normal/images/Normal-2330.png,Normal,Normal,0.03348666429519653,0.020213378593325615,0.9461278319358826,0.00017214196850545704,,0.43498504161834717,0.43498504161834717
/kaggle/input/datasets/tawsifurrahman/covid19-radiography-database/COVID-19_Radiography_Dataset/Normal/images/Normal-2339.png,Normal,Normal,0.016431322321295738,0.01888817921280861,0.9646239280700684,5.655241693602875e-05,,,
/kaggle/input/datasets/tawsifurrahman/covid19-radiography-database/COVID-19_Radiography_Dataset/Normal/images/Normal-2342.png,Normal,Normal,0.02089824341237545,0.4528547525405884,0.5262451171875,1.9446617898211116e-06,,,
/kaggle/input/datasets/tawsifurrahman/covid19-radiography-database/COVID-19_Radiography_Dataset/Normal/images/Normal-2346.png,Normal,Normal,0.0029925592243671417,0.004635456949472427,0.9923713207244873,7.516765663240221e-07,,0.44106417894363403,0.44106417894363403
/kaggle/input/datasets/tawsifurrahman/covid19-radiography-database/COVID-19_Radiography_Dataset/Normal/images/Normal-2356.png,Normal,Normal,0.0001747327041812241,0.006415725685656071,0.993407130241394,2.4203907287301263e-06,,0.38974544405937195,0.38974544405937195
/kaggle/input/datasets/tawsifurrahman/covid19-radiography-database/COVID-19_Radiography_Dataset/Normal/images/Normal-2369.png,Normal,Normal,0.00010901800123974681,0.005040534771978855,0.994850218296051,2.951782391846791e-07,,0.46191978454589844,0.46191978454589844
/kaggle/input/datasets/tawsifurrahman/covid19-radiography-database/COVID-19_Radiography_Dataset/Normal/images/Normal-2371.png,Normal,Normal,0.0002454967179801315,0.010792255401611328,0.9880973696708679,0.0008648913353681564,,0.4082747995853424,0.4082747995853424
/kaggle/input/datasets/tawsifurrahman/covid19-radiography-database/COVID-19_Radiography_Dataset/Normal/images/Normal-2374.png,Normal,Normal,0.011612556874752045,0.0015037526609376073,0.986882746219635,8.785629574958875e-07,,,
/kaggle/input/datasets/tawsifurrahman/covid19-radiography-database/COVID-19_Radiography_Dataset/Normal/images/Normal-2380.png,Normal,Normal,0.00278770481236279,0.13975507020950317,0.857362687587738,9.457215492147952e-05,,,
/kaggle/input/datasets/tawsifurrahman/covid19-radiography-database/COVID-19_Radiography_Dataset/Normal/images/Normal-2392.png,Normal,Lung_Opacity,0.0002887347072828561,0.982355535030365,0.017347237095236778,8.538755537301768e-06,,,
/kaggle/input/datasets/tawsifurrahman/covid19-radiography-database/COVID-19_Radiography_Dataset/Normal/images/Normal-24.png,Normal,Normal,0.007101280149072409,0.01544625498354435,0.977440357208252,1.2068422620359343e-05,,,
/kaggle/input/datasets/tawsifurrahman/covid19-radiography-database/COVID-19_Radiography_Dataset/Normal/images/Normal-240.png,Normal,Normal,8.594379323767498e-05,0.00010488941188668832,0.9996198415756226,0.00018926804477814585,,,
/kaggle/input/datasets/tawsifurrahman/covid19-radiography-database/COVID-19_Radiography_Dataset/Normal/images/Normal-2404.png,Normal,Normal,0.10766302049160004,0.05417198687791824,0.8380512595176697,0.0001137559229391627,,,
/kaggle/input/datasets/tawsifurrahman/covid19-radiography-database/COVID-19_Radiography_Dataset/Normal/images/Normal-2413.png,Normal,Normal,2.66611750703305e-05,0.002650615992024541,0.9973224997520447,2.5578424356353935e-07,,0.3527398407459259,0.3527398407459259
/kaggle/input/datasets/tawsifurrahman/covid19-radiography-database/COVID-19_Radiography_Dataset/Normal/images/Normal-2426.png,Normal,Normal,0.1384810507297516,0.008729672059416771,0.852436900138855,0.0003524122294038534,,,
/kaggle/input/datasets/tawsifurrahman/covid19-radiography-database/COVID-19_Radiography_Dataset/Normal/images/Normal-2429.png,Normal,Normal,8.128019544528797e-05,0.055204398930072784,0.944713830947876,4.4006100097249146e-07,,,
/kaggle/input/datasets/tawsifurrahman/covid19-radiography-database/COVID-19_Radiography_Dataset/Normal/images/Normal-2431.png,Normal,Normal,7.792733958922327e-05,0.003003436839208007,0.9969170093536377,1.6412697050327552e-06,,0.44032713770866394,0.44032713770866394
/kaggle/input/datasets/tawsifurrahman/covid19-radiography-database/COVID-19_Radiography_Dataset/Normal/images/Normal-2433.png,Normal,Normal,0.0010191173059865832,0.0067223915830254555,0.99177086353302,0.0004876957682427019,,0.34993976354599,0.34993976354599
/kaggle/input/datasets/tawsifurrahman/covid19-radiography-database/COVID-19_Radiography_Dataset/Normal/images/Normal-2439.png,Normal,Normal,0.0002702332567423582,0.008338036015629768,0.9913908243179321,8.136669862324197e-07,,,
/kaggle/input/datasets/tawsifurrahman/covid19-radiography-database/COVID-19_Radiography_Dataset/Normal/images/Normal-2445.png,Normal,Normal,0.006166073027998209,0.005627240054309368,0.9881786704063416,2.7933394449064508e-05,,0.5464411973953247,0.5464411973953247
/kaggle/input/datasets/tawsifurrahman/covid19-radiography-database/COVID-19_Radiography_Dataset/Normal/images/Normal-2453.png,Normal,Normal,3.7584984966088086e-05,0.010327684693038464,0.989569902420044,6.474155088653788e-05,,,
/kaggle/input/datasets/tawsifurrahman/covid19-radiography-database/COVID-19_Radiography_Dataset/Normal/images/Normal-246.png,Normal,Normal,5.79729130549822e-05,0.00016678716929163784,0.9994674324989319,0.0003077305154874921,,0.31926265358924866,0.31926265358924866
/kaggle/input/datasets/tawsifurrahman/covid19-radiography-database/COVID-19_Radiography_Dataset/Normal/images/Normal-2482.png,Normal,Normal,0.0898742750287056,0.005212155170738697,0.8999358415603638,0.004977719858288765,,,
/kaggle/input/datasets/tawsifurrahman/covid19-radiography-database/COVID-19_Radiography_Dataset/Normal/images/Normal-2487.png,Normal,Normal,0.008257446810603142,0.1047174483537674,0.8869675397872925,5.7553155784262344e-05,,0.33643990755081177,0.33643990755081177
/kaggle/input/datasets/tawsifurrahman/covid19-radiography-database/COVID-19_Radiography_Dataset/Normal/images/Normal-2494.png,Normal,Normal,0.0023437237832695246,0.1066480427980423,0.8909900188446045,1.8228869521408342e-05,,,
/kaggle/input/datasets/tawsifurrahman/covid19-radiography-database/COVID-19_Radiography_Dataset/Normal/images/Normal-2496.png,Normal,Normal,0.0002042638952843845,0.12595650553703308,0.8738371729850769,2.0854365629929816e-06,,,
/kaggle/input/datasets/tawsifurrahman/covid19-radiography-database/COVID-19_Radiography_Dataset/Normal/images/Normal-2498.png,Normal,Normal,0.3726097047328949,0.041653066873550415,0.5856536030769348,8.367046393686906e-05,,,
/kaggle/input/datasets/tawsifurrahman/covid19-radiography-database/COVID-19_Radiography_Dataset/Normal/images/Normal-25.png,Normal,Normal,0.002729701343923807,0.003015195718035102,0.9942302703857422,2.490781480446458e-05,,,
/kaggle/input/datasets/tawsifurrahman/covid19-radiography-database/COVID-19_Radiography_Dataset/Normal/images/Normal-2506.png,Normal,Normal,0.0001235155650647357,0.07614176720380783,0.9237225651741028,1.2141355000494514e-05,,,
/kaggle/input/datasets/tawsifurrahman/covid19-radiography-database/COVID-19_Radiography_Dataset/Normal/images/Normal-2515.png,Normal,Normal,0.024937160313129425,0.00639434065669775,0.9686418771743774,2.6682651878218167e-05,,0.44537419080734253,0.44537419080734253
/kaggle/input/datasets/tawsifurrahman/covid19-radiography-database/COVID-19_Radiography_Dataset/Normal/images/Normal-2519.png,Normal,Normal,0.0024240838829427958,0.0340961329638958,0.9634742736816406,5.435823368316051e-06,,,
/kaggle/input/datasets/tawsifurrahman/covid19-radiography-database/COVID-19_Radiography_Dataset/Normal/images/Normal-252.png,Normal,Normal,0.001593241118825972,0.0013413947308436036,0.9948541522026062,0.0022113032173365355,,0.25532636046409607,0.25532636046409607
/kaggle/input/datasets/tawsifurrahman/covid19-radiography-database/COVID-19_Radiography_Dataset/Normal/images/Normal-2521.png,Normal,Normal,0.05648653581738472,0.03495267033576965,0.9084749817848206,8.586219337303191e-05,,,
/kaggle/input/datasets/tawsifurrahman/covid19-radiography-database/COVID-19_Radiography_Dataset/Normal/images/Normal-2527.png,Normal,Normal,0.0022021911572664976,0.005808295216411352,0.991987943649292,1.474615032748261e-06,,,
/kaggle/input/datasets/tawsifurrahman/covid19-radiography-database/COVID-19_Radiography_Dataset/Normal/images/Normal-2528.png,Normal,Normal,0.04520164802670479,0.10085903853178024,0.8521540760993958,0.001785319414921105,,,
/kaggle/input/datasets/tawsifurrahman/covid19-radiography-database/COVID-19_Radiography_Dataset/Normal/images/Normal-253.png,Normal,Normal,0.001980697037652135,0.008055050857365131,0.9257627129554749,0.06420155614614487,,,
/kaggle/input/datasets/tawsifurrahman/covid19-radiography-database/COVID-19_Radiography_Dataset/Normal/images/Normal-2532.png,Normal,Normal,0.0002091273490805179,0.03024338185787201,0.9694786667823792,6.879642751300707e-05,,,
/kaggle/input/datasets/tawsifurrahman/covid19-radiography-database/COVID-19_Radiography_Dataset/Normal/images/Normal-2535.png,Normal,Normal,0.2138454020023346,0.02974170818924904,0.75640869140625,4.132114099775208e-06,,,
/kaggle/input/datasets/tawsifurrahman/covid19-radiography-database/COVID-19_Radiography_Dataset/Normal/images/Normal-2537.png,Normal,Normal,0.07387708872556686,0.0045951055362820625,0.9215132594108582,1.4500388715532608e-05,,0.588229238986969,0.588229238986969
/kaggle/input/datasets/tawsifurrahman/covid19-radiography-database/COVID-19_Radiography_Dataset/Normal/images/Normal-2538.png,Normal,Normal,4.8563317250227556e-05,0.0016799647128209472,0.9982665777206421,4.89234071210376e-06,,,
/kaggle/input/datasets/tawsifurrahman/covid19-radiography-database/COVID-19_Radiography_Dataset/Normal/images/Normal-2540.png,Normal,Normal,0.14677707850933075,0.0017696446739137173,0.8514310717582703,2.2259528122958727e-05,,0.6628140211105347,0.6628140211105347
/kaggle/input/datasets/tawsifurrahman/covid19-radiography-database/COVID-19_Radiography_Dataset/Normal/images/Normal-2541.png,Normal,Normal,0.06364073604345322,0.0036664565559476614,0.9326920509338379,7.59639647185395e-07,,,
/kaggle/input/datasets/tawsifurrahman/covid19-radiography-database/COVID-19_Radiography_Dataset/Normal/images/Normal-2543.png,Normal,Normal,0.000283316447166726,0.012318296357989311,0.9873982667922974,4.196455805072219e-08,,,
/kaggle/input/datasets/tawsifurrahman/covid19-radiography-database/COVID-19_Radiography_Dataset/Normal/images/Normal-2546.png,Normal,Normal,0.015407911501824856,0.034406933933496475,0.9501846432685852,5.69071744394023e-07,,,
/kaggle/input/datasets/tawsifurrahman/covid19-radiography-database/COVID-19_Radiography_Dataset/Normal/images/Normal-2548.png,Normal,Normal,6.2824242377246264e-06,0.0025167507119476795,0.9974759221076965,9.878622222458944e-07,,0.33959025144577026,0.33959025144577026
/kaggle/input/datasets/tawsifurrahman/covid19-radiography-database/COVID-19_Radiography_Dataset/Normal/images/Normal-2552.png,Normal,Normal,0.2548423409461975,0.1313130408525467,0.6135249137878418,0.00031979873892851174,,0.47905588150024414,0.47905588150024414
/kaggle/input/datasets/tawsifurrahman/covid19-radiography-database/COVID-19_Radiography_Dataset/Normal/images/Normal-2557.png,Normal,Normal,0.009029634296894073,0.08582568168640137,0.9050886631011963,5.607493221759796e-05,,,
/kaggle/input/datasets/tawsifurrahman/covid19-radiography-database/COVID-19_Radiography_Dataset/Normal/images/Normal-2566.png,Normal,Normal,0.003041596384719014,0.0434366911649704,0.9532009959220886,0.00032083303085528314,,0.5210679769515991,0.5210679769515991
/kaggle/input/datasets/tawsifurrahman/covid19-radiography-database/COVID-19_Radiography_Dataset/Normal/images/Normal-2580.png,Normal,Lung_Opacity,0.036611586809158325,0.6226635575294495,0.3388443887233734,0.0018804764840751886,,,
/kaggle/input/datasets/tawsifurrahman/covid19-radiography-database/COVID-19_Radiography_Dataset/Normal/images/Normal-259.png,Normal,Normal,0.00046753554488532245,0.0029358218889683485,0.9695783853530884,0.027018245309591293,,,
/kaggle/input/datasets/tawsifurrahman/covid19-radiography-database/COVID-19_Radiography_Dataset/Normal/images/Normal-2592.png,Normal,Normal,0.001700064865872264,0.008145704865455627,0.9901540875434875,1.8967834591876453e-07,,,
/kaggle/input/datasets/tawsifurrahman/covid19-radiography-database/COVID-19_Radiography_Dataset/Normal/images/Normal-26.png,Normal,Normal,0.0002223666087957099,0.002840512664988637,0.9969311952590942,5.888339273951715e-06,,,
/kaggle/input/datasets/tawsifurrahman/covid19-radiography-database/COVID-19_Radiography_Dataset/Normal/images/Normal-2600.png,Normal,Normal,6.211790264387673e-07,0.011025515384972095,0.9889733195304871,5.70144948142115e-07,,,
/kaggle/input/datasets/tawsifurrahman/covid19-radiography-database/COVID-19_Radiography_Dataset/Normal/images/Normal-2604.png,Normal,Normal,0.0028383464086800814,0.008452820591628551,0.9886435866355896,6.536080036312342e-05,,,
/kaggle/input/datasets/tawsifurrahman/covid19-radiography-database/COVID-19_Radiography_Dataset/Normal/images/Normal-2620.png,Normal,Normal,0.00014524752623401582,0.0024611547123640776,0.9973933696746826,1.6905477195905405e-07,,,
/kaggle/input/datasets/tawsifurrahman/covid19-radiography-database/COVID-19_Radiography_Dataset/Normal/images/Normal-2623.png,Normal,Normal,6.571763515239581e-05,0.010044093243777752,0.9898701310157776,2.0023126126034185e-05,,,
/kaggle/input/datasets/tawsifurrahman/covid19-radiography-database/COVID-19_Radiography_Dataset/Normal/images/Normal-2624.png,Normal,Normal,0.039686352014541626,0.03915237635374069,0.9209911227226257,0.00017015049525070935,,,
/kaggle/input/datasets/tawsifurrahman/covid19-radiography-database/COVID-19_Radiography_Dataset/Normal/images/Normal-2639.png,Normal,Normal,0.0027048508636653423,0.16240644454956055,0.8308664560317993,0.004022208973765373,,,
/kaggle/input/datasets/tawsifurrahman/covid19-radiography-database/COVID-19_Radiography_Dataset/Normal/images/Normal-2642.png,Normal,Normal,0.00010680795821826905,0.02327617071568966,0.9761847257614136,0.0004322573950048536,,0.3767666816711426,0.3767666816711426
/kaggle/input/datasets/tawsifurrahman/covid19-radiography-database/COVID-19_Radiography_Dataset/Normal/images/Normal-2645.png,Normal,Normal,0.0015697927447035909,0.02737833559513092,0.9710245132446289,2.7360414605936967e-05,,,
/kaggle/input/datasets/tawsifurrahman/covid19-radiography-database/COVID-19_Radiography_Dataset/Normal/images/Normal-2655.png,Normal,Normal,0.06988810747861862,0.0070676011964678764,0.9230408072471619,3.447840526860091e-06,,,
/kaggle/input/datasets/tawsifurrahman/covid19-radiography-database/COVID-19_Radiography_Dataset/Normal/images/Normal-2678.png,Normal,Normal,2.0909337763441727e-05,0.0051425788551568985,0.9948364496231079,9.757008712085735e-08,,,
/kaggle/input/datasets/tawsifurrahman/covid19-radiography-database/COVID-19_Radiography_Dataset/Normal/images/Normal-268.png,Normal,Normal,2.9749007808277383e-05,0.00027442752616479993,0.999657154083252,3.861474760924466e-05,,,
/kaggle/input/datasets/tawsifurrahman/covid19-radiography-database/COVID-19_Radiography_Dataset/Normal/images/Normal-2682.png,Normal,Normal,0.0004073149466421455,0.0060538011603057384,0.9935384392738342,4.608143910900253e-07,,0.45756763219833374,0.45756763219833374
/kaggle/input/datasets/tawsifurrahman/covid19-radiography-database/COVID-19_Radiography_Dataset/Normal/images/Normal-2687.png,Normal,Normal,0.008111233823001385,0.049548037350177765,0.9422787427902222,6.207262049429119e-05,,,
/kaggle/input/datasets/tawsifurrahman/covid19-radiography-database/COVID-19_Radiography_Dataset/Normal/images/Normal-2690.png,Normal,Normal,0.010154029354453087,0.08332370966672897,0.906474769115448,4.750169682665728e-05,,,
/kaggle/input/datasets/tawsifurrahman/covid19-radiography-database/COVID-19_Radiography_Dataset/Normal/images/Normal-270.png,Normal,Normal,0.0001688519405433908,6.574991130037233e-05,0.9989209175109863,0.0008445432176813483,,,
/kaggle/input/datasets/tawsifurrahman/covid19-radiography-database/COVID-19_Radiography_Dataset/Normal/images/Normal-2705.png,Normal,Normal,0.005439280532300472,0.02668028511106968,0.9678795337677002,9.331308774562785e-07,,0.38803038001060486,0.38803038001060486
/kaggle/input/datasets/tawsifurrahman/covid19-radiography-database/COVID-19_Radiography_Dataset/Normal/images/Normal-2709.png,Normal,Normal,5.1910654292441905e-05,0.013590213842689991,0.9856306910514832,0.0007271726499311626,,,
/kaggle/input/datasets/tawsifurrahman/covid19-radiography-database/COVID-19_Radiography_Dataset/Normal/images/Normal-2722.png,Normal,Normal,0.000259046268183738,0.00961077120155096,0.9901279807090759,2.160030589948292e-06,,,
/kaggle/input/datasets/tawsifurrahman/covid19-radiography-database/COVID-19_Radiography_Dataset/Normal/images/Normal-2778.png,Normal,Normal,6.298172957031056e-05,0.08467341959476471,0.9152626395225525,9.624939139030175e-07,,0.5788344144821167,0.5788344144821167
/kaggle/input/datasets/tawsifurrahman/covid19-radiography-database/COVID-19_Radiography_Dataset/Normal/images/Normal-278.png,Normal,Normal,4.6197413894333295e-07,8.414487092522904e-05,0.9996054768562317,0.000309903611196205,,0.32691583037376404,0.32691583037376404
/kaggle/input/datasets/tawsifurrahman/covid19-radiography-database/COVID-19_Radiography_Dataset/Normal/images/Normal-2784.png,Normal,Normal,0.000137282520881854,0.018172195181250572,0.9816821217536926,8.458378943032585e-06,,,
/kaggle/input/datasets/tawsifurrahman/covid19-radiography-database/COVID-19_Radiography_Dataset/Normal/images/Normal-2787.png,Normal,Normal,0.00013867435336578637,0.02825668640434742,0.9716039299964905,7.437696467604837e-07,,0.3600671589374542,0.3600671589374542
/kaggle/input/datasets/tawsifurrahman/covid19-radiography-database/COVID-19_Radiography_Dataset/Normal/images/Normal-2789.png,Normal,Normal,9.360196418128908e-05,0.005827257409691811,0.9940786361694336,5.361929993341619e-07,,,
/kaggle/input/datasets/tawsifurrahman/covid19-radiography-database/COVID-19_Radiography_Dataset/Normal/images/Normal-2793.png,Normal,Normal,0.0016901912167668343,0.0016194235067814589,0.9966890215873718,1.4557328995579155e-06,,0.5224276185035706,0.5224276185035706
/kaggle/input/datasets/tawsifurrahman/covid19-radiography-database/COVID-19_Radiography_Dataset/Normal/images/Normal-2794.png,Normal,Normal,0.01293782889842987,0.07082288712263107,0.9162386059761047,6.276715112107922e-07,,,
/kaggle/input/datasets/tawsifurrahman/covid19-radiography-database/COVID-19_Radiography_Dataset/Normal/images/Normal-2803.png,Normal,Normal,0.006102542858570814,0.017320649698376656,0.9765755534172058,1.274845089938026e-06,,,
/kaggle/input/datasets/tawsifurrahman/covid19-radiography-database/COVID-19_Radiography_Dataset/Normal/images/Normal-2813.png,Normal,Normal,0.0006752769113518298,0.3071075677871704,0.6921882629394531,2.8898455639136955e-05,,0.4040669798851013,0.4040669798851013
/kaggle/input/datasets/tawsifurrahman/covid19-radiography-database/COVID-19_Radiography_Dataset/Normal/images/Normal-2814.png,Normal,Normal,0.002791948849335313,0.017321862280368805,0.9798826575279236,3.5405951166467275e-06,,,
/kaggle/input/datasets/tawsifurrahman/covid19-radiography-database/COVID-19_Radiography_Dataset/Normal/images/Normal-2819.png,Normal,Normal,0.00563425850123167,0.01832328736782074,0.9760421514511108,2.1657794491147797e-07,,0.38926705718040466,0.38926705718040466
/kaggle/input/datasets/tawsifurrahman/covid19-radiography-database/COVID-19_Radiography_Dataset/Normal/images/Normal-2835.png,Normal,Normal,0.0006788583123125136,0.0011646939674392343,0.9981537461280823,2.7336072889738716e-06,,,
/kaggle/input/datasets/tawsifurrahman/covid19-radiography-database/COVID-19_Radiography_Dataset/Normal/images/Normal-2858.png,Normal,Normal,0.007049839943647385,0.0027756651397794485,0.9901701807975769,4.384708518045954e-06,,,
/kaggle/input/datasets/tawsifurrahman/covid19-radiography-database/COVID-19_Radiography_Dataset/Normal/images/Normal-2863.png,Normal,Normal,0.001980055822059512,0.25835373997688293,0.7396621704101562,3.9940055103215855e-06,,,
/kaggle/input/datasets/tawsifurrahman/covid19-radiography-database/COVID-19_Radiography_Dataset/Normal/images/Normal-2880.png,Normal,Normal,0.005678200162947178,0.03278931975364685,0.9614848494529724,4.7702462325105444e-05,,,
/kaggle/input/datasets/tawsifurrahman/covid19-radiography-database/COVID-19_Radiography_Dataset/Normal/images/Normal-2881.png,Normal,Normal,0.03608361631631851,0.1124432310461998,0.8136351108551025,0.03783809021115303,,0.0955779179930687,0.0955779179930687
/kaggle/input/datasets/tawsifurrahman/covid19-radiography-database/COVID-19_Radiography_Dataset/Normal/images/Normal-2883.png,Normal,Normal,0.29946672916412354,0.019967539235949516,0.6801673769950867,0.00039830891182646155,,,
/kaggle/input/datasets/tawsifurrahman/covid19-radiography-database/COVID-19_Radiography_Dataset/Normal/images/Normal-2884.png,Normal,Normal,8.368457201868296e-06,0.016767481341958046,0.9832241535186768,4.397519859367094e-08,,0.45697566866874695,0.45697566866874695
/kaggle/input/datasets/tawsifurrahman/covid19-radiography-database/COVID-19_Radiography_Dataset/Normal/images/Normal-2886.png,Normal,Normal,0.0006613375153392553,0.04941478371620178,0.9499236941337585,1.8636283982687019e-07,,,
/kaggle/input/datasets/tawsifurrahman/covid19-radiography-database/COVID-19_Radiography_Dataset/Normal/images/Normal-289.png,Normal,Normal,2.5498327431705547e-06,0.0001210330447065644,0.9847522377967834,0.015124162659049034,,,
/kaggle/input/datasets/tawsifurrahman/covid19-radiography-database/COVID-19_Radiography_Dataset/Normal/images/Normal-2893.png,Normal,Normal,7.714604180364404e-06,0.28063833713531494,0.7193529605865479,1.0224932793789776e-06,,,
/kaggle/input/datasets/tawsifurrahman/covid19-radiography-database/COVID-19_Radiography_Dataset/Normal/images/Normal-2899.png,Normal,Normal,0.0030511883087456226,0.004054908640682697,0.9923851490020752,0.0005087292520329356,,,
/kaggle/input/datasets/tawsifurrahman/covid19-radiography-database/COVID-19_Radiography_Dataset/Normal/images/Normal-2900.png,Normal,Normal,0.003886546939611435,0.006224615499377251,0.9891337752342224,0.0007550728623755276,,,
/kaggle/input/datasets/tawsifurrahman/covid19-radiography-database/COVID-19_Radiography_Dataset/Normal/images/Normal-2908.png,Normal,Normal,0.0011977681424468756,0.0003528545203153044,0.998430073261261,1.9290637283120304e-05,,,
/kaggle/input/datasets/tawsifurrahman/covid19-radiography-database/COVID-19_Radiography_Dataset/Normal/images/Normal-2913.png,Normal,Normal,0.018366476520895958,0.09530731290578842,0.8862816691398621,4.4507658458314836e-05,,0.4495790898799896,0.4495790898799896
/kaggle/input/datasets/tawsifurrahman/covid19-radiography-database/COVID-19_Radiography_Dataset/Normal/images/Normal-2915.png,Normal,Normal,0.00035199851845391095,0.20323483645915985,0.7936227321624756,0.0027903630398213863,,0.34266868233680725,0.34266868233680725
/kaggle/input/datasets/tawsifurrahman/covid19-radiography-database/COVID-19_Radiography_Dataset/Normal/images/Normal-2920.png,Normal,Normal,0.0012626789975911379,0.002308627124875784,0.9964286684989929,2.3946926219764464e-08,,,
/kaggle/input/datasets/tawsifurrahman/covid19-radiography-database/COVID-19_Radiography_Dataset/Normal/images/Normal-2929.png,Normal,Normal,0.0019306387985125184,0.006592156831175089,0.9914742708206177,2.8424351512512658e-06,,,
/kaggle/input/datasets/tawsifurrahman/covid19-radiography-database/COVID-19_Radiography_Dataset/Normal/images/Normal-2931.png,Normal,Normal,0.0812433734536171,0.015410996042191982,0.9033438563346863,1.7667476868155063e-06,,,
/kaggle/input/datasets/tawsifurrahman/covid19-radiography-database/COVID-19_Radiography_Dataset/Normal/images/Normal-2938.png,Normal,Normal,0.0027994043193757534,0.0009241364896297455,0.9962754249572754,1.0467343827258446e-06,,,
/kaggle/input/datasets/tawsifurrahman/covid19-radiography-database/COVID-19_Radiography_Dataset/Normal/images/Normal-2940.png,Normal,Normal,0.02554647997021675,0.010806434787809849,0.9636324048042297,1.4721696970809717e-05,,,
/kaggle/input/datasets/tawsifurrahman/covid19-radiography-database/COVID-19_Radiography_Dataset/Normal/images/Normal-2945.png,Normal,Normal,0.0004228931793477386,0.0159381702542305,0.9804551005363464,0.0031838349532335997,,,
/kaggle/input/datasets/tawsifurrahman/covid19-radiography-database/COVID-19_Radiography_Dataset/Normal/images/Normal-2956.png,Normal,Normal,0.16115611791610718,0.008609247393906116,0.8302339315414429,6.649741521869146e-07,,,
/kaggle/input/datasets/tawsifurrahman/covid19-radiography-database/COVID-19_Radiography_Dataset/Normal/images/Normal-2957.png,Normal,Normal,0.03215213865041733,0.018562262877821922,0.9491025805473328,0.00018292579625267535,,0.34637251496315,0.34637251496315
/kaggle/input/datasets/tawsifurrahman/covid19-radiography-database/COVID-19_Radiography_Dataset/Normal/images/Normal-2965.png,Normal,Normal,0.002937289420515299,0.0005328491679392755,0.9965292811393738,5.269102416605165e-07,,,
/kaggle/input/datasets/tawsifurrahman/covid19-radiography-database/COVID-19_Radiography_Dataset/Normal/images/Normal-2976.png,Normal,Normal,0.011732526123523712,0.004665007349103689,0.9835949540138245,7.577901214972371e-06,,0.5357297658920288,0.5357297658920288
/kaggle/input/datasets/tawsifurrahman/covid19-radiography-database/COVID-19_Radiography_Dataset/Normal/images/Normal-2977.png,Normal,Normal,0.03033360280096531,0.009661990217864513,0.9600043296813965,8.053238786942529e-08,,,
/kaggle/input/datasets/tawsifurrahman/covid19-radiography-database/COVID-19_Radiography_Dataset/Normal/images/Normal-2984.png,Normal,Normal,8.585076284362003e-05,0.011501684784889221,0.9883880019187927,2.4391678380197845e-05,,,
/kaggle/input/datasets/tawsifurrahman/covid19-radiography-database/COVID-19_Radiography_Dataset/Normal/images/Normal-2988.png,Normal,Normal,0.00198252871632576,0.0053788237273693085,0.9926385879516602,9.014819823960352e-08,,,
/kaggle/input/datasets/tawsifurrahman/covid19-radiography-database/COVID-19_Radiography_Dataset/Normal/images/Normal-2992.png,Normal,Normal,0.00023636355763301253,0.007155813742429018,0.9926061630249023,1.5544935649813851e-06,,,
/kaggle/input/datasets/tawsifurrahman/covid19-radiography-database/COVID-19_Radiography_Dataset/Normal/images/Normal-3.png,Normal,Normal,0.006079103332012892,0.10586249828338623,0.8871130347251892,0.0009454617975279689,,,
/kaggle/input/datasets/tawsifurrahman/covid19-radiography-database/COVID-19_Radiography_Dataset/Normal/images/Normal-30.png,Normal,Normal,0.028848795220255852,0.007579255849123001,0.9635432958602905,2.856339779100381e-05,,,
/kaggle/input/datasets/tawsifurrahman/covid19-radiography-database/COVID-19_Radiography_Dataset/Normal/images/Normal-3004.png,Normal,Normal,0.0002682700287550688,0.00794491171836853,0.9917809367179871,5.948948000877863e-06,,,
/kaggle/input/datasets/tawsifurrahman/covid19-radiography-database/COVID-19_Radiography_Dataset/Normal/images/Normal-301.png,Normal,Normal,5.997359039611183e-05,2.140270771633368e-05,0.9997912049293518,0.00012746831635013223,,,
/kaggle/input/datasets/tawsifurrahman/covid19-radiography-database/COVID-19_Radiography_Dataset/Normal/images/Normal-3010.png,Normal,Normal,0.0017811872530728579,0.21977652609348297,0.7784322500228882,9.943209079210646e-06,,0.4269150495529175,0.4269150495529175
/kaggle/input/datasets/tawsifurrahman/covid19-radiography-database/COVID-19_Radiography_Dataset/Normal/images/Normal-3012.png,Normal,Normal,0.003813342424109578,0.005972336512058973,0.9902138113975525,4.631836247881438e-07,,0.3818207383155823,0.3818207383155823
/kaggle/input/datasets/tawsifurrahman/covid19-radiography-database/COVID-19_Radiography_Dataset/Normal/images/Normal-3029.png,Normal,Normal,0.0009690543520264328,0.07560142129659653,0.9233396649360657,8.989997149910778e-05,,0.3567555248737335,0.3567555248737335
/kaggle/input/datasets/tawsifurrahman/covid19-radiography-database/COVID-19_Radiography_Dataset/Normal/images/Normal-3035.png,Normal,Normal,0.0010723125888034701,0.03375200182199478,0.9651339054107666,4.175959838903509e-05,,0.3555041253566742,0.3555041253566742
/kaggle/input/datasets/tawsifurrahman/covid19-radiography-database/COVID-19_Radiography_Dataset/Normal/images/Normal-3042.png,Normal,Normal,0.00016437494195997715,0.011773199774324894,0.9880427122116089,1.9655954019981436e-05,,0.4754655361175537,0.4754655361175537
/kaggle/input/datasets/tawsifurrahman/covid19-radiography-database/COVID-19_Radiography_Dataset/Normal/images/Normal-3048.png,Normal,Normal,0.01905062235891819,0.024274498224258423,0.956672728061676,2.0832296740991296e-06,,0.4613616168498993,0.4613616168498993
/kaggle/input/datasets/tawsifurrahman/covid19-radiography-database/COVID-19_Radiography_Dataset/Normal/images/Normal-3051.png,Normal,Normal,0.028939533978700638,0.06993403285741806,0.9011208415031433,5.615416284854291e-06,,,
/kaggle/input/datasets/tawsifurrahman/covid19-radiography-database/COVID-19_Radiography_Dataset/Normal/images/Normal-3054.png,Normal,Normal,0.07637029141187668,0.005730136763304472,0.9178975820541382,1.9927999801439e-06,,,
/kaggle/input/datasets/tawsifurrahman/covid19-radiography-database/COVID-19_Radiography_Dataset/Normal/images/Normal-3060.png,Normal,Normal,0.00030415577930398285,0.33985814452171326,0.6598357558250427,1.875844873211463e-06,,,
/kaggle/input/datasets/tawsifurrahman/covid19-radiography-database/COVID-19_Radiography_Dataset/Normal/images/Normal-3065.png,Normal,Normal,0.03189613297581673,0.01139145065099001,0.9500637650489807,0.006648624781519175,,,
/kaggle/input/datasets/tawsifurrahman/covid19-radiography-database/COVID-19_Radiography_Dataset/Normal/images/Normal-3066.png,Normal,Normal,0.4175272285938263,0.011675569228827953,0.5706267356872559,0.00017050492169801146,,,
/kaggle/input/datasets/tawsifurrahman/covid19-radiography-database/COVID-19_Radiography_Dataset/Normal/images/Normal-3071.png,Normal,Normal,0.004086508881300688,0.00535295344889164,0.9905592203140259,1.3382427823671605e-06,,,
/kaggle/input/datasets/tawsifurrahman/covid19-radiography-database/COVID-19_Radiography_Dataset/Normal/images/Normal-3077.png,Normal,Normal,0.39013242721557617,0.01262170821428299,0.5972155332565308,3.023523277079221e-05,,,
/kaggle/input/datasets/tawsifurrahman/covid19-radiography-database/COVID-19_Radiography_Dataset/Normal/images/Normal-3079.png,Normal,Normal,0.08575736731290817,0.024753009900450706,0.8894451260566711,4.4459549826569855e-05,,0.6197794675827026,0.6197794675827026
/kaggle/input/datasets/tawsifurrahman/covid19-radiography-database/COVID-19_Radiography_Dataset/Normal/images/Normal-3080.png,Normal,Normal,0.010532679967582226,0.020146306604146957,0.9693209528923035,9.936603362348251e-08,,,
/kaggle/input/datasets/tawsifurrahman/covid19-radiography-database/COVID-19_Radiography_Dataset/Normal/images/Normal-3085.png,Normal,Normal,1.920574504765682e-06,0.0005182686727494001,0.9994798302650452,1.8534597856501023e-08,,,
/kaggle/input/datasets/tawsifurrahman/covid19-radiography-database/COVID-19_Radiography_Dataset/Normal/images/Normal-3087.png,Normal,Normal,0.003420323133468628,0.15248529613018036,0.8440866470336914,7.787076356180478e-06,,,
/kaggle/input/datasets/tawsifurrahman/covid19-radiography-database/COVID-19_Radiography_Dataset/Normal/images/Normal-3089.png,Normal,Normal,0.23485562205314636,0.00736346235498786,0.757713258266449,6.757763185305521e-05,,,
/kaggle/input/datasets/tawsifurrahman/covid19-radiography-database/COVID-19_Radiography_Dataset/Normal/images/Normal-3099.png,Normal,Normal,0.005931573454290628,0.004922716878354549,0.9891384243965149,7.34236618882278e-06,,,
/kaggle/input/datasets/tawsifurrahman/covid19-radiography-database/COVID-19_Radiography_Dataset/Normal/images/Normal-3100.png,Normal,Normal,0.0030285094399005175,0.04662912338972092,0.9503422975540161,1.2958994943801372e-07,,,
/kaggle/input/datasets/tawsifurrahman/covid19-radiography-database/COVID-19_Radiography_Dataset/Normal/images/Normal-3103.png,Normal,Normal,0.025164799764752388,0.00814605038613081,0.9666864275932312,2.775553184619639e-06,,,
/kaggle/input/datasets/tawsifurrahman/covid19-radiography-database/COVID-19_Radiography_Dataset/Normal/images/Normal-3114.png,Normal,Normal,7.312816160265356e-05,0.0029648570343852043,0.9969606995582581,1.3511624956663582e-06,,,
/kaggle/input/datasets/tawsifurrahman/covid19-radiography-database/COVID-19_Radiography_Dataset/Normal/images/Normal-312.png,Normal,Normal,0.0006864468450658023,0.0016719583654776216,0.9963108897209167,0.0013306267792358994,,0.29131051898002625,0.29131051898002625
/kaggle/input/datasets/tawsifurrahman/covid19-radiography-database/COVID-19_Radiography_Dataset/Normal/images/Normal-3138.png,Normal,Normal,0.00032643822487443686,0.05043664947152138,0.9492332935333252,3.6646854368882487e-06,,,
/kaggle/input/datasets/tawsifurrahman/covid19-radiography-database/COVID-19_Radiography_Dataset/Normal/images/Normal-3142.png,Normal,Normal,0.012231249362230301,0.007787217386066914,0.9799661040306091,1.5326058928621933e-05,,,
/kaggle/input/datasets/tawsifurrahman/covid19-radiography-database/COVID-19_Radiography_Dataset/Normal/images/Normal-3144.png,Normal,Normal,0.10347230732440948,0.00702302809804678,0.8894907236099243,1.4024907613929827e-05,,0.620147168636322,0.620147168636322
/kaggle/input/datasets/tawsifurrahman/covid19-radiography-database/COVID-19_Radiography_Dataset/Normal/images/Normal-3154.png,Normal,Normal,0.001931085018441081,0.04628001153469086,0.9517769813537598,1.1902175174327567e-05,,,
/kaggle/input/datasets/tawsifurrahman/covid19-radiography-database/COVID-19_Radiography_Dataset/Normal/images/Normal-3162.png,Normal,Normal,0.011605974286794662,0.019300857558846474,0.9690747857093811,1.8385640942142345e-05,,,
/kaggle/input/datasets/tawsifurrahman/covid19-radiography-database/COVID-19_Radiography_Dataset/Normal/images/Normal-3168.png,Normal,Normal,0.0012535933637991548,0.006326420232653618,0.9924086332321167,1.1403564712963998e-05,,0.446433961391449,0.446433961391449
/kaggle/input/datasets/tawsifurrahman/covid19-radiography-database/COVID-19_Radiography_Dataset/Normal/images/Normal-3175.png,Normal,Normal,0.0006051694508641958,0.14387664198875427,0.8555163145065308,1.8279979485669173e-06,,,
/kaggle/input/datasets/tawsifurrahman/covid19-radiography-database/COVID-19_Radiography_Dataset/Normal/images/Normal-319.png,Normal,Normal,8.111024726531468e-06,0.00030903794686309993,0.9918791651725769,0.007803656626492739,,0.34712135791778564,0.34712135791778564
/kaggle/input/datasets/tawsifurrahman/covid19-radiography-database/COVID-19_Radiography_Dataset/Normal/images/Normal-3193.png,Normal,Normal,0.0006807167665101588,0.008369174785912037,0.9909501671791077,1.0166733233063496e-08,,,
/kaggle/input/datasets/tawsifurrahman/covid19-radiography-database/COVID-19_Radiography_Dataset/Normal/images/Normal-3196.png,Normal,Normal,0.0001535850897198543,0.055162977427244186,0.9446821212768555,1.310341986027197e-06,,0.2879973351955414,0.2879973351955414
/kaggle/input/datasets/tawsifurrahman/covid19-radiography-database/COVID-19_Radiography_Dataset/Normal/images/Normal-3206.png,Normal,Normal,0.0012309226440265775,0.001041681389324367,0.9977228045463562,4.566672487271717e-06,,,
/kaggle/input/datasets/tawsifurrahman/covid19-radiography-database/COVID-19_Radiography_Dataset/Normal/images/Normal-3208.png,Normal,Normal,0.3080208897590637,0.026112878695130348,0.6527742743492126,0.013091925531625748,,,
/kaggle/input/datasets/tawsifurrahman/covid19-radiography-database/COVID-19_Radiography_Dataset/Normal/images/Normal-3212.png,Normal,Normal,0.00046572290011681616,0.03633740544319153,0.9631959199905396,9.332862305200251e-07,,,
/kaggle/input/datasets/tawsifurrahman/covid19-radiography-database/COVID-19_Radiography_Dataset/Normal/images/Normal-3214.png,Normal,Normal,6.311104516498744e-05,0.3924756348133087,0.607460618019104,6.492515467471094e-07,,,
/kaggle/input/datasets/tawsifurrahman/covid19-radiography-database/COVID-19_Radiography_Dataset/Normal/images/Normal-3225.png,Normal,Normal,0.0010424097999930382,0.1545678675174713,0.8443685173988342,2.1158066374482587e-05,,0.5061755776405334,0.5061755776405334
/kaggle/input/datasets/tawsifurrahman/covid19-radiography-database/COVID-19_Radiography_Dataset/Normal/images/Normal-3241.png,Normal,Normal,0.0002802175877150148,0.01737467385828495,0.9823439121246338,1.1347030977049144e-06,,,
/kaggle/input/datasets/tawsifurrahman/covid19-radiography-database/COVID-19_Radiography_Dataset/Normal/images/Normal-3242.png,Normal,Normal,0.010150160640478134,0.019951509311795235,0.9698897004127502,8.685875400260556e-06,,,
/kaggle/input/datasets/tawsifurrahman/covid19-radiography-database/COVID-19_Radiography_Dataset/Normal/images/Normal-3257.png,Normal,Normal,0.00517545361071825,0.12492725998163223,0.8698406219482422,5.6695273087825626e-05,,,
/kaggle/input/datasets/tawsifurrahman/covid19-radiography-database/COVID-19_Radiography_Dataset/Normal/images/Normal-326.png,Normal,Normal,0.0037077174056321383,0.0005558534758165479,0.8722610473632812,0.12347542494535446,,,
/kaggle/input/datasets/tawsifurrahman/covid19-radiography-database/COVID-19_Radiography_Dataset/Normal/images/Normal-3262.png,Normal,COVID,0.7427452802658081,0.01282060518860817,0.2443990409374237,3.510508031467907e-05,,,
/kaggle/input/datasets/tawsifurrahman/covid19-radiography-database/COVID-19_Radiography_Dataset/Normal/images/Normal-3273.png,Normal,Normal,0.02973252348601818,0.04308948293328285,0.9255119562149048,0.0016660596011206508,,0.30146360397338867,0.30146360397338867
/kaggle/input/datasets/tawsifurrahman/covid19-radiography-database/COVID-19_Radiography_Dataset/Normal/images/Normal-3276.png,Normal,Normal,0.002024618210271001,0.015668921172618866,0.9823059439659119,4.248825007380219e-07,,,
/kaggle/input/datasets/tawsifurrahman/covid19-radiography-database/COVID-19_Radiography_Dataset/Normal/images/Normal-3281.png,Normal,Normal,8.880761015461758e-05,0.004155915230512619,0.9957408905029297,1.4399584870261606e-05,,0.4113754630088806,0.4113754630088806
/kaggle/input/datasets/tawsifurrahman/covid19-radiography-database/COVID-19_Radiography_Dataset/Normal/images/Normal-3284.png,Normal,Normal,0.0010133566102012992,0.0006485568592324853,0.998337984085083,8.30773139171015e-09,,0.4166540205478668,0.4166540205478668
/kaggle/input/datasets/tawsifurrahman/covid19-radiography-database/COVID-19_Radiography_Dataset/Normal/images/Normal-3287.png,Normal,Normal,0.016317935660481453,0.025282248854637146,0.9580857753753662,0.0003141112392768264,,0.5117583274841309,0.5117583274841309
/kaggle/input/datasets/tawsifurrahman/covid19-radiography-database/COVID-19_Radiography_Dataset/Normal/images/Normal-3312.png,Normal,Normal,0.0025609966833144426,0.00238489406183362,0.9950439929962158,1.0106205081683584e-05,,,
/kaggle/input/datasets/tawsifurrahman/covid19-radiography-database/COVID-19_Radiography_Dataset/Normal/images/Normal-3318.png,Normal,Normal,0.00013629642489831895,0.0009406848694197834,0.9989222288131714,7.734006999271514e-07,,0.49160975217819214,0.49160975217819214
/kaggle/input/datasets/tawsifurrahman/covid19-radiography-database/COVID-19_Radiography_Dataset/Normal/images/Normal-3323.png,Normal,Normal,4.207169695291668e-05,0.0037196564953774214,0.996142566204071,9.570403199177235e-05,,,
/kaggle/input/datasets/tawsifurrahman/covid19-radiography-database/COVID-19_Radiography_Dataset/Normal/images/Normal-3345.png,Normal,Normal,0.0002802473900374025,0.0042345765978097916,0.995484471321106,6.425754577321641e-07,,,
/kaggle/input/datasets/tawsifurrahman/covid19-radiography-database/COVID-19_Radiography_Dataset/Normal/images/Normal-3346.png,Normal,Normal,0.08093928545713425,0.0016320813447237015,0.9174283742904663,3.1665402389080555e-07,,0.4611634910106659,0.4611634910106659
/kaggle/input/datasets/tawsifurrahman/covid19-radiography-database/COVID-19_Radiography_Dataset/Normal/images/Normal-3349.png,Normal,Normal,4.4534713197208475e-06,0.011150659993290901,0.9888448119163513,3.446255902872508e-08,,,
/kaggle/input/datasets/tawsifurrahman/covid19-radiography-database/COVID-19_Radiography_Dataset/Normal/images/Normal-3352.png,Normal,Normal,0.0006675272597931325,0.005321243312209845,0.9940063953399658,4.870152224611957e-06,,,
/kaggle/input/datasets/tawsifurrahman/covid19-radiography-database/COVID-19_Radiography_Dataset/Normal/images/Normal-3353.png,Normal,Normal,2.9696189812966622e-05,0.058895498514175415,0.9410738348960876,8.917531886254437e-07,,0.33919233083724976,0.33919233083724976
/kaggle/input/datasets/tawsifurrahman/covid19-radiography-database/COVID-19_Radiography_Dataset/Normal/images/Normal-3359.png,Normal,Normal,0.006931026466190815,0.005147666670382023,0.9879190325737,2.233035274912254e-06,,,
/kaggle/input/datasets/tawsifurrahman/covid19-radiography-database/COVID-19_Radiography_Dataset/Normal/images/Normal-3362.png,Normal,Lung_Opacity,2.2711737983627245e-05,0.7679034471511841,0.23206861317157745,5.204217814025469e-06,,,
/kaggle/input/datasets/tawsifurrahman/covid19-radiography-database/COVID-19_Radiography_Dataset/Normal/images/Normal-3366.png,Normal,Normal,0.0006953496485948563,0.01936369575560093,0.9799378514289856,3.2162986371986335e-06,,0.3711286187171936,0.3711286187171936
/kaggle/input/datasets/tawsifurrahman/covid19-radiography-database/COVID-19_Radiography_Dataset/Normal/images/Normal-3368.png,Normal,Normal,0.0001764134649420157,0.0684577152132988,0.9313136339187622,5.2287512517068535e-05,,,
/kaggle/input/datasets/tawsifurrahman/covid19-radiography-database/COVID-19_Radiography_Dataset/Normal/images/Normal-337.png,Normal,Normal,9.033042260853108e-06,0.0001619872055016458,0.999772846698761,5.615709596895613e-05,,,
/kaggle/input/datasets/tawsifurrahman/covid19-radiography-database/COVID-19_Radiography_Dataset/Normal/images/Normal-3388.png,Normal,Normal,0.0006377881509251893,0.4797962009906769,0.5195564031600952,9.572306225891225e-06,,,
/kaggle/input/datasets/tawsifurrahman/covid19-radiography-database/COVID-19_Radiography_Dataset/Normal/images/Normal-3391.png,Normal,Normal,0.0163726769387722,0.02482091635465622,0.9578492641448975,0.0009571989648975432,,,
/kaggle/input/datasets/tawsifurrahman/covid19-radiography-database/COVID-19_Radiography_Dataset/Normal/images/Normal-3405.png,Normal,COVID,0.8451104164123535,0.050502974539995193,0.10437799990177155,8.65110632730648e-06,,,
/kaggle/input/datasets/tawsifurrahman/covid19-radiography-database/COVID-19_Radiography_Dataset/Normal/images/Normal-3406.png,Normal,Normal,0.0035552801564335823,0.3112339377403259,0.6847318410873413,0.0004789139493368566,,,
/kaggle/input/datasets/tawsifurrahman/covid19-radiography-database/COVID-19_Radiography_Dataset/Normal/images/Normal-3413.png,Normal,Normal,0.005452190060168505,0.006328346207737923,0.98819899559021,2.0464622139115818e-05,,0.5939460396766663,0.5939460396766663
/kaggle/input/datasets/tawsifurrahman/covid19-radiography-database/COVID-19_Radiography_Dataset/Normal/images/Normal-3414.png,Normal,Normal,2.9048886062810197e-05,0.0049102348275482655,0.9950606226921082,1.120647397101493e-08,,,
/kaggle/input/datasets/tawsifurrahman/covid19-radiography-database/COVID-19_Radiography_Dataset/Normal/images/Normal-3418.png,Normal,Normal,0.011092624627053738,0.0011103812139481306,0.9877964854240417,5.321727485352312e-07,,,
/kaggle/input/datasets/tawsifurrahman/covid19-radiography-database/COVID-19_Radiography_Dataset/Normal/images/Normal-3427.png,Normal,Normal,0.09769382327795029,0.03841594234108925,0.8638865351676941,3.624714963734732e-06,,0.351470947265625,0.351470947265625
/kaggle/input/datasets/tawsifurrahman/covid19-radiography-database/COVID-19_Radiography_Dataset/Normal/images/Normal-3429.png,Normal,Normal,0.004766547586768866,0.0700390487909317,0.925190806388855,3.5320942970429314e-06,,,
/kaggle/input/datasets/tawsifurrahman/covid19-radiography-database/COVID-19_Radiography_Dataset/Normal/images/Normal-3437.png,Normal,Normal,3.3286079997196794e-05,0.010662450455129147,0.9893040657043457,2.6397302121949906e-07,,,
/kaggle/input/datasets/tawsifurrahman/covid19-radiography-database/COVID-19_Radiography_Dataset/Normal/images/Normal-3438.png,Normal,Normal,0.0019667171873152256,0.010862436145544052,0.9871707558631897,1.230155675102651e-07,,0.4819973409175873,0.4819973409175873
/kaggle/input/datasets/tawsifurrahman/covid19-radiography-database/COVID-19_Radiography_Dataset/Normal/images/Normal-3445.png,Normal,Normal,0.00010666729212971404,0.03507234901189804,0.9648202061653137,8.513052875969152e-07,,0.462272971868515,0.462272971868515
/kaggle/input/datasets/tawsifurrahman/covid19-radiography-database/COVID-19_Radiography_Dataset/Normal/images/Normal-3447.png,Normal,Normal,0.00035127688897773623,0.0033947257325053215,0.9962522387504578,1.7825253735281876e-06,,,
/kaggle/input/datasets/tawsifurrahman/covid19-radiography-database/COVID-19_Radiography_Dataset/Normal/images/Normal-3454.png,Normal,Normal,0.005686119664460421,0.005534202791750431,0.9884741902351379,0.0003054550616070628,,0.5183579921722412,0.5183579921722412
/kaggle/input/datasets/tawsifurrahman/covid19-radiography-database/COVID-19_Radiography_Dataset/Normal/images/Normal-3457.png,Normal,Normal,0.04897552356123924,0.1739238202571869,0.777089536190033,1.1112269930890761e-05,,,
/kaggle/input/datasets/tawsifurrahman/covid19-radiography-database/COVID-19_Radiography_Dataset/Normal/images/Normal-3465.png,Normal,Normal,0.005449903197586536,0.004721198230981827,0.9898001551628113,2.870158277801238e-05,,,
/kaggle/input/datasets/tawsifurrahman/covid19-radiography-database/COVID-19_Radiography_Dataset/Normal/images/Normal-3476.png,Normal,Normal,0.00017291279800701886,0.002844924107193947,0.9969817996025085,3.004140580742387e-07,,0.4026941657066345,0.4026941657066345
/kaggle/input/datasets/tawsifurrahman/covid19-radiography-database/COVID-19_Radiography_Dataset/Normal/images/Normal-348.png,Normal,Normal,0.0001667703181738034,0.0004922186490148306,0.9725337028503418,0.026807378977537155,,,
/kaggle/input/datasets/tawsifurrahman/covid19-radiography-database/COVID-19_Radiography_Dataset/Normal/images/Normal-3482.png,Normal,Normal,0.0004708918568212539,0.0005745497765019536,0.998954176902771,3.4902666357083945e-07,,,
/kaggle/input/datasets/tawsifurrahman/covid19-radiography-database/COVID-19_Radiography_Dataset/Normal/images/Normal-3486.png,Normal,Normal,0.00036235793959349394,0.0013203546404838562,0.9983160495758057,1.2553143733384786e-06,,,
/kaggle/input/datasets/tawsifurrahman/covid19-radiography-database/COVID-19_Radiography_Dataset/Normal/images/Normal-3487.png,Normal,Normal,0.026743359863758087,0.036097072064876556,0.9371591210365295,4.271030320524005e-07,,,
/kaggle/input/datasets/tawsifurrahman/covid19-radiography-database/COVID-19_Radiography_Dataset/Normal/images/Normal-3491.png,Normal,Normal,0.0020954448264092207,0.02948656678199768,0.968417763710022,2.214979133441375e-07,,,
/kaggle/input/datasets/tawsifurrahman/covid19-radiography-database/COVID-19_Radiography_Dataset/Normal/images/Normal-3505.png,Normal,Normal,0.0010385428322479129,0.019137997180223465,0.9797737002372742,4.9725818826118484e-05,,,
/kaggle/input/datasets/tawsifurrahman/covid19-radiography-database/COVID-19_Radiography_Dataset/Normal/images/Normal-3507.png,Normal,Normal,0.03156685084104538,0.09035061299800873,0.878081202507019,1.3063208825769834e-06,,,
/kaggle/input/datasets/tawsifurrahman/covid19-radiography-database/COVID-19_Radiography_Dataset/Normal/images/Normal-3509.png,Normal,Normal,0.0007999111548997462,0.014916122891008854,0.9842384457588196,4.553739563561976e-05,,0.2729773223400116,0.2729773223400116
/kaggle/input/datasets/tawsifurrahman/covid19-radiography-database/COVID-19_Radiography_Dataset/Normal/images/Normal-3511.png,Normal,Normal,0.013233840465545654,0.0017138180555775762,0.9850517511367798,6.326276889012661e-07,,,
/kaggle/input/datasets/tawsifurrahman/covid19-radiography-database/COVID-19_Radiography_Dataset/Normal/images/Normal-3516.png,Normal,Normal,0.0002744553203228861,0.03216306120157242,0.9675622582435608,3.2796774007692875e-07,,,
/kaggle/input/datasets/tawsifurrahman/covid19-radiography-database/COVID-19_Radiography_Dataset/Normal/images/Normal-3532.png,Normal,Normal,0.006611640099436045,0.004257597029209137,0.9891202449798584,1.0469545486557763e-05,,,
/kaggle/input/datasets/tawsifurrahman/covid19-radiography-database/COVID-19_Radiography_Dataset/Normal/images/Normal-3534.png,Normal,Normal,0.0033477861434221268,0.02889889106154442,0.9677298069000244,2.3470394808100536e-05,,,
/kaggle/input/datasets/tawsifurrahman/covid19-radiography-database/COVID-19_Radiography_Dataset/Normal/images/Normal-3540.png,Normal,Normal,0.00030572316609323025,0.04315512999892235,0.9565091133117676,3.0059280106797814e-05,,,
/kaggle/input/datasets/tawsifurrahman/covid19-radiography-database/COVID-19_Radiography_Dataset/Normal/images/Normal-3545.png,Normal,Normal,6.4167266828008e-05,0.088243268430233,0.9116886854171753,3.93057143810438e-06,,,
/kaggle/input/datasets/tawsifurrahman/covid19-radiography-database/COVID-19_Radiography_Dataset/Normal/images/Normal-3549.png,Normal,Normal,0.0011871552560478449,0.02926023304462433,0.9695467948913574,5.817407327413093e-06,,0.5795279741287231,0.5795279741287231
/kaggle/input/datasets/tawsifurrahman/covid19-radiography-database/COVID-19_Radiography_Dataset/Normal/images/Normal-3559.png,Normal,Lung_Opacity,0.009766530245542526,0.6400712132453918,0.3496459722518921,0.0005162953166291118,,,
/kaggle/input/datasets/tawsifurrahman/covid19-radiography-database/COVID-19_Radiography_Dataset/Normal/images/Normal-356.png,Normal,Normal,2.3534727006335743e-05,0.00046046884381212294,0.991196870803833,0.008319122716784477,,,
/kaggle/input/datasets/tawsifurrahman/covid19-radiography-database/COVID-19_Radiography_Dataset/Normal/images/Normal-3562.png,Normal,Normal,4.090235961484723e-05,0.03868881240487099,0.9610695242881775,0.00020076955843251199,,0.3548573851585388,0.3548573851585388
/kaggle/input/datasets/tawsifurrahman/covid19-radiography-database/COVID-19_Radiography_Dataset/Normal/images/Normal-3566.png,Normal,Normal,0.0026598190888762474,0.0012698486680164933,0.996069073677063,1.2338638271103264e-06,,,
/kaggle/input/datasets/tawsifurrahman/covid19-radiography-database/COVID-19_Radiography_Dataset/Normal/images/Normal-3567.png,Normal,Normal,0.0060737705789506435,0.022148167714476585,0.9717769622802734,1.1880086958626634e-06,,,
/kaggle/input/datasets/tawsifurrahman/covid19-radiography-database/COVID-19_Radiography_Dataset/Normal/images/Normal-3586.png,Normal,Normal,0.017438475042581558,0.029909862205386162,0.9520621299743652,0.0005895982030779123,,0.46486353874206543,0.46486353874206543
/kaggle/input/datasets/tawsifurrahman/covid19-radiography-database/COVID-19_Radiography_Dataset/Normal/images/Normal-3598.png,Normal,Normal,0.0013545315014198422,0.00557863712310791,0.993043839931488,2.3046181013341993e-05,,,
/kaggle/input/datasets/tawsifurrahman/covid19-radiography-database/COVID-19_Radiography_Dataset/Normal/images/Normal-36.png,Normal,Normal,1.1946607628487982e-05,0.0029095688369125128,0.9970782995223999,9.955640223324735e-08,,,
/kaggle/input/datasets/tawsifurrahman/covid19-radiography-database/COVID-19_Radiography_Dataset/Normal/images/Normal-3602.png,Normal,Normal,0.01960502378642559,0.007844443432986736,0.9725379943847656,1.2546549442049582e-05,,,
/kaggle/input/datasets/tawsifurrahman/covid19-radiography-database/COVID-19_Radiography_Dataset/Normal/images/Normal-3604.png,Normal,Normal,0.0001642729912418872,0.004393675364553928,0.9954363703727722,5.674786734743975e-06,,0.45598462224006653,0.45598462224006653
/kaggle/input/datasets/tawsifurrahman/covid19-radiography-database/COVID-19_Radiography_Dataset/Normal/images/Normal-3609.png,Normal,Normal,0.001120986184105277,0.0014501999830827117,0.9908267855644226,0.006601936649531126,,0.24326667189598083,0.24326667189598083
/kaggle/input/datasets/tawsifurrahman/covid19-radiography-database/COVID-19_Radiography_Dataset/Normal/images/Normal-361.png,Normal,Normal,0.00014700724568683654,0.00012455348041839898,0.9954268932342529,0.004301497247070074,,,
/kaggle/input/datasets/tawsifurrahman/covid19-radiography-database/COVID-19_Radiography_Dataset/Normal/images/Normal-3610.png,Normal,Normal,0.009305879473686218,0.001668869168497622,0.9890199303627014,5.258335477265064e-06,,,
/kaggle/input/datasets/tawsifurrahman/covid19-radiography-database/COVID-19_Radiography_Dataset/Normal/images/Normal-3628.png,Normal,Normal,0.17157110571861267,0.005513847339898348,0.8228186368942261,9.632722503738478e-05,,0.4673908054828644,0.4673908054828644
/kaggle/input/datasets/tawsifurrahman/covid19-radiography-database/COVID-19_Radiography_Dataset/Normal/images/Normal-3643.png,Normal,Normal,0.00018444286251906306,0.003700618864968419,0.9961141347885132,8.110429234875483e-07,,,
/kaggle/input/datasets/tawsifurrahman/covid19-radiography-database/COVID-19_Radiography_Dataset/Normal/images/Normal-365.png,Normal,Normal,4.1780556784942746e-05,3.038438080693595e-05,0.9828687906265259,0.017059048637747765,,,
/kaggle/input/datasets/tawsifurrahman/covid19-radiography-database/COVID-19_Radiography_Dataset/Normal/images/Normal-3657.png,Normal,Normal,0.00015986582729965448,0.0681067705154419,0.9317194819450378,1.3922571270086337e-05,,0.27496537566185,0.27496537566185
/kaggle/input/datasets/tawsifurrahman/covid19-radiography-database/COVID-19_Radiography_Dataset/Normal/images/Normal-3659.png,Normal,Normal,0.0007738788845017552,0.00954816211014986,0.9896721839904785,5.664283889927901e-06,,0.4256455898284912,0.4256455898284912
/kaggle/input/datasets/tawsifurrahman/covid19-radiography-database/COVID-19_Radiography_Dataset/Normal/images/Normal-367.png,Normal,Normal,0.001393775106407702,0.001595230191014707,0.9962258338928223,0.0007851571426726878,,,
/kaggle/input/datasets/tawsifurrahman/covid19-radiography-database/COVID-19_Radiography_Dataset/Normal/images/Normal-3671.png,Normal,Normal,0.0014725032960996032,0.0635218471288681,0.9348704218864441,0.000135210866574198,,,
/kaggle/input/datasets/tawsifurrahman/covid19-radiography-database/COVID-19_Radiography_Dataset/Normal/images/Normal-3673.png,Normal,Normal,0.17402929067611694,0.020834237337112427,0.8051356673240662,8.707923484507774e-07,,0.23345570266246796,0.23345570266246796
/kaggle/input/datasets/tawsifurrahman/covid19-radiography-database/COVID-19_Radiography_Dataset/Normal/images/Normal-3683.png,Normal,Normal,0.11236356943845749,0.011559232138097286,0.8760536313056946,2.3465961930924095e-05,,0.3199275732040405,0.3199275732040405
/kaggle/input/datasets/tawsifurrahman/covid19-radiography-database/COVID-19_Radiography_Dataset/Normal/images/Normal-3684.png,Normal,Normal,0.003273986978456378,0.008500093594193459,0.9881953001022339,3.0712399166077375e-05,,,
/kaggle/input/datasets/tawsifurrahman/covid19-radiography-database/COVID-19_Radiography_Dataset/Normal/images/Normal-369.png,Normal,Normal,4.0364611777476966e-05,0.001334842760115862,0.9895166754722595,0.009108076803386211,,,
/kaggle/input/datasets/tawsifurrahman/covid19-radiography-database/COVID-19_Radiography_Dataset/Normal/images/Normal-3701.png,Normal,Normal,1.3810501968691824e-06,0.001213927287608385,0.9987818598747253,2.81755728792632e-06,,,
/kaggle/input/datasets/tawsifurrahman/covid19-radiography-database/COVID-19_Radiography_Dataset/Normal/images/Normal-3707.png,Normal,Normal,0.1975298374891281,0.0979829803109169,0.7044517397880554,3.54275616700761e-05,,,
/kaggle/input/datasets/tawsifurrahman/covid19-radiography-database/COVID-19_Radiography_Dataset/Normal/images/Normal-3710.png,Normal,Normal,5.9114354371558875e-05,0.0013297046534717083,0.998606264591217,4.9170507736562286e-06,,,
/kaggle/input/datasets/tawsifurrahman/covid19-radiography-database/COVID-19_Radiography_Dataset/Normal/images/Normal-3719.png,Normal,Normal,0.4535164535045624,0.0062070623971521854,0.5381899476051331,0.0020865530241280794,,0.5840272903442383,0.5840272903442383
/kaggle/input/datasets/tawsifurrahman/covid19-radiography-database/COVID-19_Radiography_Dataset/Normal/images/Normal-3721.png,Normal,Normal,0.027169598266482353,0.003230633679777384,0.9695974588394165,2.2314318357530283e-06,,0.5346795320510864,0.5346795320510864
/kaggle/input/datasets/tawsifurrahman/covid19-radiography-database/COVID-19_Radiography_Dataset/Normal/images/Normal-373.png,Normal,Normal,0.000142018441692926,0.0008337117615155876,0.9985635876655579,0.0004606490838341415,,0.2869186997413635,0.2869186997413635
/kaggle/input/datasets/tawsifurrahman/covid19-radiography-database/COVID-19_Radiography_Dataset/Normal/images/Normal-3733.png,Normal,Lung_Opacity,0.00024439761182293296,0.6867070198059082,0.3130408823490143,7.738606655038893e-06,,,
/kaggle/input/datasets/tawsifurrahman/covid19-radiography-database/COVID-19_Radiography_Dataset/Normal/images/Normal-3737.png,Normal,Lung_Opacity,0.15736524760723114,0.716616690158844,0.12279625982046127,0.0032217870466411114,,,
/kaggle/input/datasets/tawsifurrahman/covid19-radiography-database/COVID-19_Radiography_Dataset/Normal/images/Normal-3739.png,Normal,Normal,0.0015856603858992457,0.008882737718522549,0.9895315170288086,8.516803973179776e-08,,0.3983451724052429,0.3983451724052429
/kaggle/input/datasets/tawsifurrahman/covid19-radiography-database/COVID-19_Radiography_Dataset/Normal/images/Normal-3740.png,Normal,Normal,0.007057454902678728,0.3054192364215851,0.6874825358390808,4.074181561009027e-05,,,
/kaggle/input/datasets/tawsifurrahman/covid19-radiography-database/COVID-19_Radiography_Dataset/Normal/images/Normal-3741.png,Normal,Normal,0.0009048134670592844,0.07014716416597366,0.9288734793663025,7.453243597410619e-05,,,
/kaggle/input/datasets/tawsifurrahman/covid19-radiography-database/COVID-19_Radiography_Dataset/Normal/images/Normal-3769.png,Normal,Normal,0.003140675136819482,0.11459984630346298,0.8814073204994202,0.0008521905983798206,,,
/kaggle/input/datasets/tawsifurrahman/covid19-radiography-database/COVID-19_Radiography_Dataset/Normal/images/Normal-377.png,Normal,Normal,0.00018392252968624234,7.537009514635429e-05,0.9631629586219788,0.03657768666744232,,,
/kaggle/input/datasets/tawsifurrahman/covid19-radiography-database/COVID-19_Radiography_Dataset/Normal/images/Normal-3777.png,Normal,Normal,0.0004843704227823764,0.005626857280731201,0.9938887357711792,4.278587084627361e-08,,0.29109716415405273,0.29109716415405273
/kaggle/input/datasets/tawsifurrahman/covid19-radiography-database/COVID-19_Radiography_Dataset/Normal/images/Normal-3779.png,Normal,Normal,0.00029213083325885236,0.007622614502906799,0.9920805096626282,4.762725438922644e-06,,,
/kaggle/input/datasets/tawsifurrahman/covid19-radiography-database/COVID-19_Radiography_Dataset/Normal/images/Normal-3780.png,Normal,Normal,0.030935483053326607,0.030326345935463905,0.9387381076812744,7.788127476260343e-09,,,
/kaggle/input/datasets/tawsifurrahman/covid19-radiography-database/COVID-19_Radiography_Dataset/Normal/images/Normal-3806.png,Normal,Normal,0.05879059061408043,0.004819346591830254,0.9363624453544617,2.7617592422757298e-05,,0.6621739864349365,0.6621739864349365
/kaggle/input/datasets/tawsifurrahman/covid19-radiography-database/COVID-19_Radiography_Dataset/Normal/images/Normal-382.png,Normal,Normal,0.00024061788280960172,0.01226078625768423,0.970304012298584,0.01719466969370842,,,
/kaggle/input/datasets/tawsifurrahman/covid19-radiography-database/COVID-19_Radiography_Dataset/Normal/images/Normal-3820.png,Normal,Normal,0.004985285922884941,0.008247295394539833,0.9867652654647827,2.060788574453909e-06,,,
/kaggle/input/datasets/tawsifurrahman/covid19-radiography-database/COVID-19_Radiography_Dataset/Normal/images/Normal-3839.png,Normal,Normal,0.0003082152979914099,0.03788290172815323,0.9617117047309875,9.725079871714115e-05,,0.4914730489253998,0.4914730489253998
/kaggle/input/datasets/tawsifurrahman/covid19-radiography-database/COVID-19_Radiography_Dataset/Normal/images/Normal-385.png,Normal,Normal,2.5119179554167204e-05,0.0005031281616538763,0.9935899972915649,0.005881802644580603,,0.4601178467273712,0.4601178467273712
/kaggle/input/datasets/tawsifurrahman/covid19-radiography-database/COVID-19_Radiography_Dataset/Normal/images/Normal-3866.png,Normal,Normal,8.810855069896206e-05,0.007814611308276653,0.9920966625213623,5.926005428591452e-07,,,
/kaggle/input/datasets/tawsifurrahman/covid19-radiography-database/COVID-19_Radiography_Dataset/Normal/images/Normal-3868.png,Normal,Normal,0.0012754701310768723,0.04254820570349693,0.9561448693275452,3.146632298012264e-05,,0.531819760799408,0.531819760799408
/kaggle/input/datasets/tawsifurrahman/covid19-radiography-database/COVID-19_Radiography_Dataset/Normal/images/Normal-3881.png,Normal,Normal,0.07383967936038971,0.0037760345730930567,0.9223752617835999,9.063744982995559e-06,,,
/kaggle/input/datasets/tawsifurrahman/covid19-radiography-database/COVID-19_Radiography_Dataset/Normal/images/Normal-389.png,Normal,Viral Pneumonia,2.9516839276766405e-05,0.0010685103479772806,0.3532596230506897,0.6456423401832581,,0.3547500967979431,0.3547500967979431
/kaggle/input/datasets/tawsifurrahman/covid19-radiography-database/COVID-19_Radiography_Dataset/Normal/images/Normal-3892.png,Normal,Normal,0.0007135633495636284,0.023100215941667557,0.9761788249015808,7.4506192504486535e-06,,0.5157120823860168,0.5157120823860168
/kaggle/input/datasets/tawsifurrahman/covid19-radiography-database/COVID-19_Radiography_Dataset/Normal/images/Normal-3894.png,Normal,Normal,0.010369226336479187,0.04011371359229088,0.9495077729225159,9.301063073507976e-06,,,
/kaggle/input/datasets/tawsifurrahman/covid19-radiography-database/COVID-19_Radiography_Dataset/Normal/images/Normal-3898.png,Normal,Normal,0.010943002998828888,0.02928553707897663,0.9597011804580688,7.03404366504401e-05,,,
/kaggle/input/datasets/tawsifurrahman/covid19-radiography-database/COVID-19_Radiography_Dataset/Normal/images/Normal-3907.png,Normal,Normal,0.0018765683053061366,0.02523990161716938,0.9723126292228699,0.0005709305987693369,,,
/kaggle/input/datasets/tawsifurrahman/covid19-radiography-database/COVID-19_Radiography_Dataset/Normal/images/Normal-3910.png,Normal,COVID,0.9866014122962952,0.001005725935101509,0.0008814689936116338,0.011511417105793953,,0.18093453347682953,0.18093453347682953
/kaggle/input/datasets/tawsifurrahman/covid19-radiography-database/COVID-19_Radiography_Dataset/Normal/images/Normal-3917.png,Normal,Normal,0.002302755368873477,0.03618359565734863,0.9615113735198975,2.2661756702291314e-06,,,
/kaggle/input/datasets/tawsifurrahman/covid19-radiography-database/COVID-19_Radiography_Dataset/Normal/images/Normal-3943.png,Normal,Normal,0.01460252981632948,0.003052612766623497,0.9823441505432129,6.078995511415997e-07,,0.47786229848861694,0.47786229848861694
/kaggle/input/datasets/tawsifurrahman/covid19-radiography-database/COVID-19_Radiography_Dataset/Normal/images/Normal-3944.png,Normal,Normal,0.25067251920700073,0.013277875259518623,0.7360308170318604,1.8752401956589893e-05,,,
/kaggle/input/datasets/tawsifurrahman/covid19-radiography-database/COVID-19_Radiography_Dataset/Normal/images/Normal-3945.png,Normal,Normal,0.47695329785346985,0.04302726686000824,0.47964444756507874,0.00037501196493394673,,,
/kaggle/input/datasets/tawsifurrahman/covid19-radiography-database/COVID-19_Radiography_Dataset/Normal/images/Normal-3946.png,Normal,Normal,0.007858214899897575,0.033893559128046036,0.9582111835479736,3.71017049474176e-05,,,
/kaggle/input/datasets/tawsifurrahman/covid19-radiography-database/COVID-19_Radiography_Dataset/Normal/images/Normal-3949.png,Normal,Normal,1.498288202128606e-05,0.01138645876199007,0.9885866045951843,1.2005593816866167e-05,,0.5419034957885742,0.5419034957885742
/kaggle/input/datasets/tawsifurrahman/covid19-radiography-database/COVID-19_Radiography_Dataset/Normal/images/Normal-3951.png,Normal,Normal,0.05468026548624039,0.008555745705962181,0.9366121888160706,0.00015181387425400317,,,
/kaggle/input/datasets/tawsifurrahman/covid19-radiography-database/COVID-19_Radiography_Dataset/Normal/images/Normal-3971.png,Normal,Normal,9.491918899584562e-05,0.02944462187588215,0.9704594612121582,1.0401653298686142e-06,,,
/kaggle/input/datasets/tawsifurrahman/covid19-radiography-database/COVID-19_Radiography_Dataset/Normal/images/Normal-3975.png,Normal,Normal,0.012512815184891224,0.06333761662244797,0.9232348799705505,0.0009146502707153559,,,
/kaggle/input/datasets/tawsifurrahman/covid19-radiography-database/COVID-19_Radiography_Dataset/Normal/images/Normal-3981.png,Normal,Normal,0.000834797858260572,0.028023362159729004,0.9711399674415588,1.8079286974170827e-06,,0.42159372568130493,0.42159372568130493
/kaggle/input/datasets/tawsifurrahman/covid19-radiography-database/COVID-19_Radiography_Dataset/Normal/images/Normal-3994.png,Normal,Normal,1.7975760783883743e-05,0.021886298432946205,0.9780950546264648,6.514665642498585e-07,,,
/kaggle/input/datasets/tawsifurrahman/covid19-radiography-database/COVID-19_Radiography_Dataset/Normal/images/Normal-3997.png,Normal,Normal,0.0009893288370221853,0.003563745180144906,0.9954285621643066,1.8389462638879195e-05,,,
/kaggle/input/datasets/tawsifurrahman/covid19-radiography-database/COVID-19_Radiography_Dataset/Normal/images/Normal-40.png,Normal,Normal,0.28723421692848206,0.0013440432958304882,0.7114211320877075,6.15872636444692e-07,,,
/kaggle/input/datasets/tawsifurrahman/covid19-radiography-database/COVID-19_Radiography_Dataset/Normal/images/Normal-4004.png,Normal,Normal,0.0005073289503343403,0.036384183913469315,0.9631076455116272,8.422472319580265e-07,,,
/kaggle/input/datasets/tawsifurrahman/covid19-radiography-database/COVID-19_Radiography_Dataset/Normal/images/Normal-4006.png,Normal,Normal,0.01320840697735548,0.022045252844691277,0.964691698551178,5.4605330660706386e-05,,,
/kaggle/input/datasets/tawsifurrahman/covid19-radiography-database/COVID-19_Radiography_Dataset/Normal/images/Normal-4007.png,Normal,Normal,1.8347398508922197e-05,0.007892793044447899,0.992065966129303,2.2961847207625397e-05,,0.6070053577423096,0.6070053577423096
/kaggle/input/datasets/tawsifurrahman/covid19-radiography-database/COVID-19_Radiography_Dataset/Normal/images/Normal-403.png,Normal,Normal,4.7786306822672486e-05,0.0002605718036647886,0.9950342178344727,0.004657452926039696,,0.2879837155342102,0.2879837155342102
/kaggle/input/datasets/tawsifurrahman/covid19-radiography-database/COVID-19_Radiography_Dataset/Normal/images/Normal-4047.png,Normal,Normal,0.0020358124747872353,0.007895282469689846,0.98995041847229,0.0001184670691145584,,,
/kaggle/input/datasets/tawsifurrahman/covid19-radiography-database/COVID-19_Radiography_Dataset/Normal/images/Normal-4059.png,Normal,Normal,0.0004206780286040157,0.0014997691614553332,0.9980779886245728,1.5806388091732515e-06,,,
/kaggle/input/datasets/tawsifurrahman/covid19-radiography-database/COVID-19_Radiography_Dataset/Normal/images/Normal-4069.png,Normal,Normal,0.006011477671563625,0.028643595054745674,0.9653403759002686,4.642474777938332e-06,,,
/kaggle/input/datasets/tawsifurrahman/covid19-radiography-database/COVID-19_Radiography_Dataset/Normal/images/Normal-4076.png,Normal,Normal,0.00538848340511322,0.000573884230107069,0.9940367937088013,7.801947958796518e-07,,0.5525493621826172,0.5525493621826172
/kaggle/input/datasets/tawsifurrahman/covid19-radiography-database/COVID-19_Radiography_Dataset/Normal/images/Normal-4077.png,Normal,Normal,0.06913446635007858,0.05236073210835457,0.87669438123703,0.0018104235641658306,,0.5628235340118408,0.5628235340118408
/kaggle/input/datasets/tawsifurrahman/covid19-radiography-database/COVID-19_Radiography_Dataset/Normal/images/Normal-4078.png,Normal,Normal,0.0006879723514430225,0.016950052231550217,0.9823428988456726,1.9133512978442013e-05,,,
/kaggle/input/datasets/tawsifurrahman/covid19-radiography-database/COVID-19_Radiography_Dataset/Normal/images/Normal-4084.png,Normal,Normal,0.0017845412949100137,0.00047607600572519004,0.9977388381958008,5.444445605462533e-07,,0.4273027181625366,0.4273027181625366
/kaggle/input/datasets/tawsifurrahman/covid19-radiography-database/COVID-19_Radiography_Dataset/Normal/images/Normal-4093.png,Normal,Normal,0.010611503385007381,0.038715656846761703,0.9506712555885315,1.5447066061824444e-06,,,
/kaggle/input/datasets/tawsifurrahman/covid19-radiography-database/COVID-19_Radiography_Dataset/Normal/images/Normal-4101.png,Normal,Normal,0.0030356484930962324,0.017670731991529465,0.9792929887771606,6.541019956785021e-07,,,
/kaggle/input/datasets/tawsifurrahman/covid19-radiography-database/COVID-19_Radiography_Dataset/Normal/images/Normal-4104.png,Normal,Normal,0.0001669234043220058,0.002274374244734645,0.9975583553314209,3.324101385260292e-07,,,
/kaggle/input/datasets/tawsifurrahman/covid19-radiography-database/COVID-19_Radiography_Dataset/Normal/images/Normal-411.png,Normal,Normal,0.0002694957365747541,6.177375325933099e-05,0.9991267323493958,0.0005419777007773519,,,
/kaggle/input/datasets/tawsifurrahman/covid19-radiography-database/COVID-19_Radiography_Dataset/Normal/images/Normal-4112.png,Normal,Normal,0.13257987797260284,0.1312934309244156,0.736097514629364,2.9135060685803182e-05,,0.34669229388237,0.34669229388237
/kaggle/input/datasets/tawsifurrahman/covid19-radiography-database/COVID-19_Radiography_Dataset/Normal/images/Normal-4118.png,Normal,Normal,0.01968015544116497,0.034051310271024704,0.9462664723396301,2.026351012318628e-06,,,
/kaggle/input/datasets/tawsifurrahman/covid19-radiography-database/COVID-19_Radiography_Dataset/Normal/images/Normal-4119.png,Normal,Normal,0.053880587220191956,0.009791030548512936,0.9362647533416748,6.372415373334661e-05,,,
/kaggle/input/datasets/tawsifurrahman/covid19-radiography-database/COVID-19_Radiography_Dataset/Normal/images/Normal-4121.png,Normal,Normal,0.03566262125968933,0.023165259510278702,0.9406241774559021,0.0005479090032167733,,,
/kaggle/input/datasets/tawsifurrahman/covid19-radiography-database/COVID-19_Radiography_Dataset/Normal/images/Normal-4124.png,Normal,Normal,0.0017142065335065126,0.15495525300502777,0.8433284759521484,2.06051208806457e-06,,,
/kaggle/input/datasets/tawsifurrahman/covid19-radiography-database/COVID-19_Radiography_Dataset/Normal/images/Normal-4128.png,Normal,Normal,0.00058510567760095,0.14207322895526886,0.8573412299156189,4.7663593250035774e-07,,,
/kaggle/input/datasets/tawsifurrahman/covid19-radiography-database/COVID-19_Radiography_Dataset/Normal/images/Normal-4133.png,Normal,Normal,0.0003298171213828027,0.027966268360614777,0.9716073274612427,9.654206223785877e-05,,0.39252957701683044,0.39252957701683044
/kaggle/input/datasets/tawsifurrahman/covid19-radiography-database/COVID-19_Radiography_Dataset/Normal/images/Normal-4134.png,Normal,Normal,0.0034933825954794884,0.005724888760596514,0.9907810091972351,7.319032420127769e-07,,,
/kaggle/input/datasets/tawsifurrahman/covid19-radiography-database/COVID-19_Radiography_Dataset/Normal/images/Normal-4136.png,Normal,Normal,0.3874063193798065,0.002307899994775653,0.6102832555770874,2.4409882826148532e-06,,,
/kaggle/input/datasets/tawsifurrahman/covid19-radiography-database/COVID-19_Radiography_Dataset/Normal/images/Normal-4137.png,Normal,Normal,0.11218161135911942,0.16018615663051605,0.7276060581207275,2.6114421416423284e-05,,,
/kaggle/input/datasets/tawsifurrahman/covid19-radiography-database/COVID-19_Radiography_Dataset/Normal/images/Normal-4144.png,Normal,COVID,0.5416783690452576,0.0003068906953558326,0.4580140709877014,6.84659198668669e-07,,0.28106269240379333,0.28106269240379333
/kaggle/input/datasets/tawsifurrahman/covid19-radiography-database/COVID-19_Radiography_Dataset/Normal/images/Normal-415.png,Normal,Normal,0.00030989295919425786,0.014457986690104008,0.9829597473144531,0.0022722999565303326,,,
/kaggle/input/datasets/tawsifurrahman/covid19-radiography-database/COVID-19_Radiography_Dataset/Normal/images/Normal-4163.png,Normal,Normal,0.008366207592189312,0.06465813517570496,0.926971971988678,3.6285009628045373e-06,,,
/kaggle/input/datasets/tawsifurrahman/covid19-radiography-database/COVID-19_Radiography_Dataset/Normal/images/Normal-4165.png,Normal,Normal,0.0057439059019088745,0.007757028564810753,0.9864989519119263,1.1740356598011203e-07,,,
/kaggle/input/datasets/tawsifurrahman/covid19-radiography-database/COVID-19_Radiography_Dataset/Normal/images/Normal-4171.png,Normal,Normal,0.0064925565384328365,0.004920146893709898,0.9885768294334412,1.0523729542910587e-05,,0.3192272186279297,0.3192272186279297
/kaggle/input/datasets/tawsifurrahman/covid19-radiography-database/COVID-19_Radiography_Dataset/Normal/images/Normal-4176.png,Normal,Normal,0.24084343016147614,0.011530867777764797,0.747443675994873,0.00018208622350357473,,0.620689868927002,0.620689868927002
/kaggle/input/datasets/tawsifurrahman/covid19-radiography-database/COVID-19_Radiography_Dataset/Normal/images/Normal-4180.png,Normal,Normal,2.2575632101506926e-05,0.007184292189776897,0.9927929639816284,1.909941431676998e-07,,,
/kaggle/input/datasets/tawsifurrahman/covid19-radiography-database/COVID-19_Radiography_Dataset/Normal/images/Normal-4192.png,Normal,Normal,0.001130172866396606,0.0024485529866069555,0.9964210987091064,1.0122999327677462e-07,,0.46464353799819946,0.46464353799819946
/kaggle/input/datasets/tawsifurrahman/covid19-radiography-database/COVID-19_Radiography_Dataset/Normal/images/Normal-4198.png,Normal,Normal,0.00040585637907497585,0.016046414151787758,0.9835448861122131,2.826460331561975e-06,,,
/kaggle/input/datasets/tawsifurrahman/covid19-radiography-database/COVID-19_Radiography_Dataset/Normal/images/Normal-420.png,Normal,Normal,1.5397851029774756e-06,3.606867903727107e-05,0.9991740584373474,0.000788251287303865,,,
/kaggle/input/datasets/tawsifurrahman/covid19-radiography-database/COVID-19_Radiography_Dataset/Normal/images/Normal-4208.png,Normal,Normal,0.15011557936668396,0.002670571906492114,0.8467471599578857,0.0004667680477723479,,,
/kaggle/input/datasets/tawsifurrahman/covid19-radiography-database/COVID-19_Radiography_Dataset/Normal/images/Normal-4213.png,Normal,Normal,0.08983774483203888,0.4180201590061188,0.43510234355926514,0.05703964829444885,,,
/kaggle/input/datasets/tawsifurrahman/covid19-radiography-database/COVID-19_Radiography_Dataset/Normal/images/Normal-4214.png,Normal,Lung_Opacity,0.12355557829141617,0.5270002484321594,0.3368093967437744,0.012634695507586002,,0.018286174163222313,0.018286174163222313
/kaggle/input/datasets/tawsifurrahman/covid19-radiography-database/COVID-19_Radiography_Dataset/Normal/images/Normal-4218.png,Normal,Normal,0.0001509034336777404,0.06339269131422043,0.9364475011825562,8.812605301500298e-06,,,
/kaggle/input/datasets/tawsifurrahman/covid19-radiography-database/COVID-19_Radiography_Dataset/Normal/images/Normal-422.png,Normal,Normal,8.027276635402814e-05,2.1756764908786863e-05,0.9941049814224243,0.005793038289994001,,0.24300003051757812,0.24300003051757812
/kaggle/input/datasets/tawsifurrahman/covid19-radiography-database/COVID-19_Radiography_Dataset/Normal/images/Normal-4220.png,Normal,Normal,0.0002907110028900206,0.0025595049373805523,0.997149646282196,9.100287456931255e-08,,0.5133851766586304,0.5133851766586304
/kaggle/input/datasets/tawsifurrahman/covid19-radiography-database/COVID-19_Radiography_Dataset/Normal/images/Normal-4231.png,Normal,Normal,0.00044273221283219755,0.010088114999234676,0.9894654750823975,3.7030622479505837e-06,,0.4003000259399414,0.4003000259399414
/kaggle/input/datasets/tawsifurrahman/covid19-radiography-database/COVID-19_Radiography_Dataset/Normal/images/Normal-4251.png,Normal,Normal,0.021171191707253456,0.012555072084069252,0.965794026851654,0.0004796272551175207,,0.6048407554626465,0.6048407554626465
/kaggle/input/datasets/tawsifurrahman/covid19-radiography-database/COVID-19_Radiography_Dataset/Normal/images/Normal-4254.png,Normal,Normal,0.05216537415981293,0.0013163966359570622,0.9465120434761047,6.137349828350125e-06,,0.5303467512130737,0.5303467512130737
/kaggle/input/datasets/tawsifurrahman/covid19-radiography-database/COVID-19_Radiography_Dataset/Normal/images/Normal-4259.png,Normal,Normal,0.0029606458265334368,0.05561627075076103,0.9414182305335999,4.805829121323768e-06,,,
/kaggle/input/datasets/tawsifurrahman/covid19-radiography-database/COVID-19_Radiography_Dataset/Normal/images/Normal-426.png,Normal,Normal,0.0033425912261009216,0.00020710419630631804,0.9886322617530823,0.007818060927093029,,,
/kaggle/input/datasets/tawsifurrahman/covid19-radiography-database/COVID-19_Radiography_Dataset/Normal/images/Normal-4262.png,Normal,Normal,0.001651909900829196,0.10045187175273895,0.8978843092918396,1.1908669875992928e-05,,,
/kaggle/input/datasets/tawsifurrahman/covid19-radiography-database/COVID-19_Radiography_Dataset/Normal/images/Normal-4265.png,Normal,Normal,0.0005557612748816609,0.0008383924723602831,0.9985993504524231,6.4095806919794995e-06,,0.41307759284973145,0.41307759284973145
/kaggle/input/datasets/tawsifurrahman/covid19-radiography-database/COVID-19_Radiography_Dataset/Normal/images/Normal-4266.png,Normal,Normal,0.028672346845269203,0.011002426967024803,0.960317075252533,8.146967957145534e-06,,0.44644591212272644,0.44644591212272644
/kaggle/input/datasets/tawsifurrahman/covid19-radiography-database/COVID-19_Radiography_Dataset/Normal/images/Normal-4282.png,Normal,Normal,0.005543477367609739,0.0032041941303759813,0.9912522435188293,8.482611946192264e-08,,,
/kaggle/input/datasets/tawsifurrahman/covid19-radiography-database/COVID-19_Radiography_Dataset/Normal/images/Normal-4286.png,Normal,Normal,0.013865581713616848,0.4786149263381958,0.5075051188468933,1.4374647435033694e-05,,,
/kaggle/input/datasets/tawsifurrahman/covid19-radiography-database/COVID-19_Radiography_Dataset/Normal/images/Normal-429.png,Normal,Normal,8.010391320567578e-05,1.3422513802652247e-05,0.9998000264167786,0.00010650815238477662,,,
/kaggle/input/datasets/tawsifurrahman/covid19-radiography-database/COVID-19_Radiography_Dataset/Normal/images/Normal-4290.png,Normal,Normal,8.914900718082208e-06,0.0017689075320959091,0.9982221722602844,5.936035663012262e-09,,,
/kaggle/input/datasets/tawsifurrahman/covid19-radiography-database/COVID-19_Radiography_Dataset/Normal/images/Normal-4293.png,Normal,Normal,0.003919107373803854,0.002779194386675954,0.9932599663734436,4.172862463747151e-05,,0.6491531133651733,0.6491531133651733
/kaggle/input/datasets/tawsifurrahman/covid19-radiography-database/COVID-19_Radiography_Dataset/Normal/images/Normal-4298.png,Normal,Normal,0.013085871934890747,0.4595913887023926,0.5272619724273682,6.081359970266931e-05,,,
/kaggle/input/datasets/tawsifurrahman/covid19-radiography-database/COVID-19_Radiography_Dataset/Normal/images/Normal-4300.png,Normal,Normal,0.004090290050953627,0.008020341396331787,0.9878882765769958,1.0419192904009833e-06,,,
/kaggle/input/datasets/tawsifurrahman/covid19-radiography-database/COVID-19_Radiography_Dataset/Normal/images/Normal-431.png,Normal,Normal,0.007256738375872374,0.0019090954447165132,0.7561518549919128,0.23468229174613953,,0.22508296370506287,0.22508296370506287
/kaggle/input/datasets/tawsifurrahman/covid19-radiography-database/COVID-19_Radiography_Dataset/Normal/images/Normal-4316.png,Normal,Normal,0.0005345795652829111,0.05076836422085762,0.9486672282218933,2.9876680855522864e-05,,,
/kaggle/input/datasets/tawsifurrahman/covid19-radiography-database/COVID-19_Radiography_Dataset/Normal/images/Normal-4321.png,Normal,Lung_Opacity,0.003362331772223115,0.5462875962257385,0.4503234922885895,2.6587973479763605e-05,,,
/kaggle/input/datasets/tawsifurrahman/covid19-radiography-database/COVID-19_Radiography_Dataset/Normal/images/Normal-4324.png,Normal,Normal,0.02961142361164093,0.13217127323150635,0.8381584286689758,5.886723374715075e-05,,,
/kaggle/input/datasets/tawsifurrahman/covid19-radiography-database/COVID-19_Radiography_Dataset/Normal/images/Normal-4334.png,Normal,Normal,0.0008311552228406072,0.0688353031873703,0.9303132891654968,2.0208970454405062e-05,,,
/kaggle/input/datasets/tawsifurrahman/covid19-radiography-database/COVID-19_Radiography_Dataset/Normal/images/Normal-4335.png,Normal,Normal,0.005794950295239687,0.01863526552915573,0.9755585789680481,1.1231237294850871e-05,,0.5172410607337952,0.5172410607337952
/kaggle/input/datasets/tawsifurrahman/covid19-radiography-database/COVID-19_Radiography_Dataset/Normal/images/Normal-4343.png,Normal,Normal,0.06876601278781891,0.037328772246837616,0.8939045667648315,6.613294658563973e-07,,,
/kaggle/input/datasets/tawsifurrahman/covid19-radiography-database/COVID-19_Radiography_Dataset/Normal/images/Normal-4356.png,Normal,Normal,0.00019025010988116264,0.011768023483455181,0.9880368709564209,4.925163011648692e-06,,,
/kaggle/input/datasets/tawsifurrahman/covid19-radiography-database/COVID-19_Radiography_Dataset/Normal/images/Normal-4360.png,Normal,Normal,0.004235581494867802,0.021859047934412956,0.9738749265670776,3.0464774681604467e-05,,,
/kaggle/input/datasets/tawsifurrahman/covid19-radiography-database/COVID-19_Radiography_Dataset/Normal/images/Normal-4369.png,Normal,Normal,0.00324805686250329,0.008741985075175762,0.9880092740058899,7.055818969092797e-07,,,
/kaggle/input/datasets/tawsifurrahman/covid19-radiography-database/COVID-19_Radiography_Dataset/Normal/images/Normal-4370.png,Normal,Lung_Opacity,0.0031462779734283686,0.6878693103790283,0.3089473843574524,3.704542541527189e-05,,,
/kaggle/input/datasets/tawsifurrahman/covid19-radiography-database/COVID-19_Radiography_Dataset/Normal/images/Normal-4386.png,Normal,Normal,0.1432354748249054,0.25354284048080444,0.6031494140625,7.233120413729921e-05,,,
/kaggle/input/datasets/tawsifurrahman/covid19-radiography-database/COVID-19_Radiography_Dataset/Normal/images/Normal-439.png,Normal,Normal,0.0003215475007891655,0.00010723049490479752,0.9964432120323181,0.0031279928516596556,,,
/kaggle/input/datasets/tawsifurrahman/covid19-radiography-database/COVID-19_Radiography_Dataset/Normal/images/Normal-4396.png,Normal,Normal,0.0036210704129189253,0.0051413835026323795,0.9912346601486206,2.94079291052185e-06,,0.5388445258140564,0.5388445258140564
/kaggle/input/datasets/tawsifurrahman/covid19-radiography-database/COVID-19_Radiography_Dataset/Normal/images/Normal-4414.png,Normal,Normal,0.018794497475028038,0.0044282590970396996,0.9767763614654541,9.523355402052402e-07,,,
/kaggle/input/datasets/tawsifurrahman/covid19-radiography-database/COVID-19_Radiography_Dataset/Normal/images/Normal-4425.png,Normal,Normal,1.487116333009908e-05,0.009338119998574257,0.9906469583511353,1.8589512151834242e-08,,,
/kaggle/input/datasets/tawsifurrahman/covid19-radiography-database/COVID-19_Radiography_Dataset/Normal/images/Normal-4426.png,Normal,Normal,2.0415091057657264e-05,0.049280744045972824,0.9506988525390625,1.8064433504605404e-08,,0.33446598052978516,0.33446598052978516
/kaggle/input/datasets/tawsifurrahman/covid19-radiography-database/COVID-19_Radiography_Dataset/Normal/images/Normal-4428.png,Normal,Normal,0.04413171112537384,0.027130670845508575,0.9287372827529907,2.2022086909601057e-07,,0.3309972882270813,0.3309972882270813
/kaggle/input/datasets/tawsifurrahman/covid19-radiography-database/COVID-19_Radiography_Dataset/Normal/images/Normal-4436.png,Normal,Normal,7.464906229870394e-05,0.0006965879001654685,0.9992283582687378,3.1524106702818244e-07,,0.44598931074142456,0.44598931074142456
/kaggle/input/datasets/tawsifurrahman/covid19-radiography-database/COVID-19_Radiography_Dataset/Normal/images/Normal-444.png,Normal,Normal,1.0261895113217179e-05,4.194796201772988e-05,0.9955637454986572,0.004384155850857496,,,
/kaggle/input/datasets/tawsifurrahman/covid19-radiography-database/COVID-19_Radiography_Dataset/Normal/images/Normal-4446.png,Normal,Normal,0.001118169166147709,0.003751636017113924,0.9951261281967163,4.0213453758042306e-06,,,
/kaggle/input/datasets/tawsifurrahman/covid19-radiography-database/COVID-19_Radiography_Dataset/Normal/images/Normal-445.png,Normal,Normal,0.0001633818756090477,0.001980612985789776,0.9975645542144775,0.0002914047217927873,,0.2367963343858719,0.2367963343858719
/kaggle/input/datasets/tawsifurrahman/covid19-radiography-database/COVID-19_Radiography_Dataset/Normal/images/Normal-4452.png,Normal,Normal,0.0004172750923316926,0.004180002026259899,0.9954025745391846,5.44447296135786e-08,,,
/kaggle/input/datasets/tawsifurrahman/covid19-radiography-database/COVID-19_Radiography_Dataset/Normal/images/Normal-4473.png,Normal,Lung_Opacity,0.0033366333227604628,0.7893861532211304,0.20727074146270752,6.3661509557277896e-06,,,
/kaggle/input/datasets/tawsifurrahman/covid19-radiography-database/COVID-19_Radiography_Dataset/Normal/images/Normal-448.png,Normal,Normal,1.6228964341280516e-06,0.00041526954737491906,0.9804775714874268,0.01910560578107834,,,
/kaggle/input/datasets/tawsifurrahman/covid19-radiography-database/COVID-19_Radiography_Dataset/Normal/images/Normal-4493.png,Normal,Normal,0.00032414044835604727,0.034425001591444016,0.9652507305145264,8.283960539756663e-08,,,
/kaggle/input/datasets/tawsifurrahman/covid19-radiography-database/COVID-19_Radiography_Dataset/Normal/images/Normal-4495.png,Normal,Normal,4.861771003561444e-07,0.0009537377627566457,0.9990455508232117,1.8405151536171616e-07,,,
/kaggle/input/datasets/tawsifurrahman/covid19-radiography-database/COVID-19_Radiography_Dataset/Normal/images/Normal-4498.png,Normal,Normal,0.01974344067275524,0.005356576293706894,0.9748954772949219,4.552051905193366e-06,,0.44879084825515747,0.44879084825515747
/kaggle/input/datasets/tawsifurrahman/covid19-radiography-database/COVID-19_Radiography_Dataset/Normal/images/Normal-4504.png,Normal,Normal,0.028423188254237175,0.009640098549425602,0.9616742730140686,0.0002624733024276793,,,
/kaggle/input/datasets/tawsifurrahman/covid19-radiography-database/COVID-19_Radiography_Dataset/Normal/images/Normal-4508.png,Normal,Normal,0.009064897894859314,0.07841591536998749,0.9125184416770935,7.484604793717153e-07,,0.5070077180862427,0.5070077180862427
/kaggle/input/datasets/tawsifurrahman/covid19-radiography-database/COVID-19_Radiography_Dataset/Normal/images/Normal-4528.png,Normal,Normal,0.0027209322433918715,0.004933785181492567,0.9923452734947205,5.8545762016137814e-08,,,
/kaggle/input/datasets/tawsifurrahman/covid19-radiography-database/COVID-19_Radiography_Dataset/Normal/images/Normal-4531.png,Normal,Normal,0.008312060497701168,0.004257345572113991,0.9874300360679626,6.424434104701504e-07,,,
/kaggle/input/datasets/tawsifurrahman/covid19-radiography-database/COVID-19_Radiography_Dataset/Normal/images/Normal-4533.png,Normal,Normal,0.00015188026009127498,0.01163873728364706,0.9882040023803711,5.392274943005759e-06,,,
/kaggle/input/datasets/tawsifurrahman/covid19-radiography-database/COVID-19_Radiography_Dataset/Normal/images/Normal-4534.png,Normal,Normal,0.00015723476826678962,0.0038154833018779755,0.9960272312164307,3.0325253419505316e-08,,,
/kaggle/input/datasets/tawsifurrahman/covid19-radiography-database/COVID-19_Radiography_Dataset/Normal/images/Normal-4535.png,Normal,Normal,0.026668108999729156,0.0605500228703022,0.9127197265625,6.216862675501034e-05,,0.507426381111145,0.507426381111145
/kaggle/input/datasets/tawsifurrahman/covid19-radiography-database/COVID-19_Radiography_Dataset/Normal/images/Normal-4547.png,Normal,Normal,9.426799806533381e-05,0.003366980003193021,0.9965330362319946,5.647439593303716e-06,,0.47966963052749634,0.47966963052749634
/kaggle/input/datasets/tawsifurrahman/covid19-radiography-database/COVID-19_Radiography_Dataset/Normal/images/Normal-4560.png,Normal,Normal,0.005052128341048956,0.33982643485069275,0.6549345254898071,0.00018699294014368206,,,
/kaggle/input/datasets/tawsifurrahman/covid19-radiography-database/COVID-19_Radiography_Dataset/Normal/images/Normal-4565.png,Normal,Normal,0.005553466733545065,0.030118953436613083,0.9643242955207825,3.28309329233889e-06,,,
/kaggle/input/datasets/tawsifurrahman/covid19-radiography-database/COVID-19_Radiography_Dataset/Normal/images/Normal-4571.png,Normal,Normal,0.004381872713565826,0.2537306249141693,0.7418330907821655,5.4360894864657894e-05,,,
/kaggle/input/datasets/tawsifurrahman/covid19-radiography-database/COVID-19_Radiography_Dataset/Normal/images/Normal-4587.png,Normal,Normal,0.018896548077464104,0.3061421513557434,0.6745732426643372,0.00038811267586424947,,,
/kaggle/input/datasets/tawsifurrahman/covid19-radiography-database/COVID-19_Radiography_Dataset/Normal/images/Normal-4588.png,Normal,Normal,0.06066469848155975,0.016199376434087753,0.9230130910873413,0.0001228283072123304,,,
/kaggle/input/datasets/tawsifurrahman/covid19-radiography-database/COVID-19_Radiography_Dataset/Normal/images/Normal-4589.png,Normal,Normal,0.09893638640642166,0.029181789606809616,0.8718695044517517,1.2326364412729163e-05,,0.40567246079444885,0.40567246079444885
/kaggle/input/datasets/tawsifurrahman/covid19-radiography-database/COVID-19_Radiography_Dataset/Normal/images/Normal-459.png,Normal,Normal,0.0003285802958998829,0.00019235062063671649,0.9909959435462952,0.008483164943754673,,0.3197866380214691,0.3197866380214691
/kaggle/input/datasets/tawsifurrahman/covid19-radiography-database/COVID-19_Radiography_Dataset/Normal/images/Normal-4590.png,Normal,Normal,4.087720299139619e-06,0.018744556233286858,0.9812504649162292,9.085117653739871e-07,,0.4060059189796448,0.4060059189796448
/kaggle/input/datasets/tawsifurrahman/covid19-radiography-database/COVID-19_Radiography_Dataset/Normal/images/Normal-4591.png,Normal,Normal,4.455831731320359e-05,0.0040276492945849895,0.9959164261817932,1.1439965419413056e-05,,,
/kaggle/input/datasets/tawsifurrahman/covid19-radiography-database/COVID-19_Radiography_Dataset/Normal/images/Normal-4597.png,Normal,Normal,0.3477868437767029,0.1859714835882187,0.46388480067253113,0.0023568279575556517,,,
/kaggle/input/datasets/tawsifurrahman/covid19-radiography-database/COVID-19_Radiography_Dataset/Normal/images/Normal-4604.png,Normal,Normal,0.029842637479305267,0.20129626989364624,0.7685361504554749,0.0003249485162086785,,,
/kaggle/input/datasets/tawsifurrahman/covid19-radiography-database/COVID-19_Radiography_Dataset/Normal/images/Normal-4613.png,Normal,Normal,0.004702304024249315,0.028597097843885422,0.9658077359199524,0.0008929164614528418,,,
/kaggle/input/datasets/tawsifurrahman/covid19-radiography-database/COVID-19_Radiography_Dataset/Normal/images/Normal-4618.png,Normal,Normal,0.00035368683165870607,0.025501670315861702,0.9741413593292236,3.206046358172898e-06,,,
/kaggle/input/datasets/tawsifurrahman/covid19-radiography-database/COVID-19_Radiography_Dataset/Normal/images/Normal-4621.png,Normal,Normal,4.141363751841709e-05,0.010711523704230785,0.9892450571060181,2.047602265520254e-06,,,
/kaggle/input/datasets/tawsifurrahman/covid19-radiography-database/COVID-19_Radiography_Dataset/Normal/images/Normal-463.png,Normal,Normal,0.00012020015128655359,0.0003468082577455789,0.99512779712677,0.004405240528285503,,0.27923503518104553,0.27923503518104553
/kaggle/input/datasets/tawsifurrahman/covid19-radiography-database/COVID-19_Radiography_Dataset/Normal/images/Normal-4633.png,Normal,Normal,7.149542216211557e-05,0.00039145859773270786,0.9995369911193848,3.145861171560682e-08,,,
/kaggle/input/datasets/tawsifurrahman/covid19-radiography-database/COVID-19_Radiography_Dataset/Normal/images/Normal-4640.png,Normal,Normal,0.0023123237770050764,0.019296105951070786,0.9783711433410645,2.0475605197134428e-05,,0.44047245383262634,0.44047245383262634
/kaggle/input/datasets/tawsifurrahman/covid19-radiography-database/COVID-19_Radiography_Dataset/Normal/images/Normal-4643.png,Normal,Normal,0.004974593874067068,0.023461690172553062,0.9715625643730164,1.243601445821696e-06,,,
/kaggle/input/datasets/tawsifurrahman/covid19-radiography-database/COVID-19_Radiography_Dataset/Normal/images/Normal-4660.png,Normal,Normal,0.039464060217142105,0.0439714714884758,0.9165634512901306,1.084784798877081e-06,,0.37033331394195557,0.37033331394195557
/kaggle/input/datasets/tawsifurrahman/covid19-radiography-database/COVID-19_Radiography_Dataset/Normal/images/Normal-4662.png,Normal,Normal,0.19643430411815643,0.00915248692035675,0.7944109439849854,2.2985591385804582e-06,,,
/kaggle/input/datasets/tawsifurrahman/covid19-radiography-database/COVID-19_Radiography_Dataset/Normal/images/Normal-4667.png,Normal,Lung_Opacity,0.0012805439764633775,0.6437294483184814,0.3546033799648285,0.00038660099380649626,,,
/kaggle/input/datasets/tawsifurrahman/covid19-radiography-database/COVID-19_Radiography_Dataset/Normal/images/Normal-4672.png,Normal,Normal,5.863813203177415e-05,0.010902350768446922,0.9890379905700684,1.043469183059642e-06,,,
/kaggle/input/datasets/tawsifurrahman/covid19-radiography-database/COVID-19_Radiography_Dataset/Normal/images/Normal-4681.png,Normal,Normal,0.0023805710952728987,0.005056073423475027,0.9925619959831238,1.4364151184054208e-06,,0.509499192237854,0.509499192237854
/kaggle/input/datasets/tawsifurrahman/covid19-radiography-database/COVID-19_Radiography_Dataset/Normal/images/Normal-4691.png,Normal,Normal,0.00023835105821490288,0.011991768144071102,0.9877696633338928,2.573003428096854e-07,,,
/kaggle/input/datasets/tawsifurrahman/covid19-radiography-database/COVID-19_Radiography_Dataset/Normal/images/Normal-4694.png,Normal,Normal,0.002265920164063573,0.0013070626882836223,0.9964269995689392,5.047288453852161e-08,,,
/kaggle/input/datasets/tawsifurrahman/covid19-radiography-database/COVID-19_Radiography_Dataset/Normal/images/Normal-4695.png,Normal,Normal,0.4472668766975403,0.035493265837430954,0.5169428586959839,0.00029697324498556554,,,
/kaggle/input/datasets/tawsifurrahman/covid19-radiography-database/COVID-19_Radiography_Dataset/Normal/images/Normal-4696.png,Normal,Normal,0.0017012828029692173,0.10686662048101425,0.8905940651893616,0.0008380155195482075,,,
/kaggle/input/datasets/tawsifurrahman/covid19-radiography-database/COVID-19_Radiography_Dataset/Normal/images/Normal-4697.png,Normal,Normal,0.015666509047150612,0.009033969603478909,0.9752635955810547,3.586976163205691e-05,,0.4028516113758087,0.4028516113758087
/kaggle/input/datasets/tawsifurrahman/covid19-radiography-database/COVID-19_Radiography_Dataset/Normal/images/Normal-4704.png,Normal,Normal,4.1734874685062096e-06,0.003911363426595926,0.996084451675415,1.128220539214908e-08,,,
/kaggle/input/datasets/tawsifurrahman/covid19-radiography-database/COVID-19_Radiography_Dataset/Normal/images/Normal-4707.png,Normal,Normal,0.0004783440090250224,0.021936042234301567,0.977584183216095,1.3257121054266463e-06,,0.3144237995147705,0.3144237995147705
/kaggle/input/datasets/tawsifurrahman/covid19-radiography-database/COVID-19_Radiography_Dataset/Normal/images/Normal-4713.png,Normal,Normal,1.6640955436741933e-05,0.1587696671485901,0.8412122130393982,1.4384767155206646e-06,,,
/kaggle/input/datasets/tawsifurrahman/covid19-radiography-database/COVID-19_Radiography_Dataset/Normal/images/Normal-472.png,Normal,Normal,0.0008786830003373325,0.0001359251036774367,0.9956470131874084,0.003338391659781337,,0.34637293219566345,0.34637293219566345
/kaggle/input/datasets/tawsifurrahman/covid19-radiography-database/COVID-19_Radiography_Dataset/Normal/images/Normal-4721.png,Normal,Normal,0.007870681583881378,0.025291509926319122,0.9668256640434265,1.2095068086637184e-05,,,
/kaggle/input/datasets/tawsifurrahman/covid19-radiography-database/COVID-19_Radiography_Dataset/Normal/images/Normal-4727.png,Normal,Normal,0.06332562863826752,0.04614054039120674,0.8905298709869385,3.999284672318026e-06,,0.23169825971126556,0.23169825971126556
/kaggle/input/datasets/tawsifurrahman/covid19-radiography-database/COVID-19_Radiography_Dataset/Normal/images/Normal-4734.png,Normal,Normal,0.0280007217079401,0.28975483775138855,0.682244062423706,4.4713127067552705e-07,,0.17077162861824036,0.17077162861824036
/kaggle/input/datasets/tawsifurrahman/covid19-radiography-database/COVID-19_Radiography_Dataset/Normal/images/Normal-4739.png,Normal,Normal,0.0022507726680487394,0.004009293392300606,0.9937321543693542,7.778665349178482e-06,,0.3991720378398895,0.3991720378398895
/kaggle/input/datasets/tawsifurrahman/covid19-radiography-database/COVID-19_Radiography_Dataset/Normal/images/Normal-474.png,Normal,Normal,7.348687358899042e-05,0.0003103689232375473,0.9980814456939697,0.001534636365249753,,,
/kaggle/input/datasets/tawsifurrahman/covid19-radiography-database/COVID-19_Radiography_Dataset/Normal/images/Normal-4740.png,Normal,Lung_Opacity,0.2095767855644226,0.6561325192451477,0.13397212326526642,0.0003185560635756701,,,
/kaggle/input/datasets/tawsifurrahman/covid19-radiography-database/COVID-19_Radiography_Dataset/Normal/images/Normal-4744.png,Normal,Normal,0.009592312388122082,0.14834262430667877,0.8420539498329163,1.1186151823494583e-05,,,
/kaggle/input/datasets/tawsifurrahman/covid19-radiography-database/COVID-19_Radiography_Dataset/Normal/images/Normal-4745.png,Normal,Normal,0.05361241474747658,0.015877405181527138,0.9223202466964722,0.00818987563252449,,,
/kaggle/input/datasets/tawsifurrahman/covid19-radiography-database/COVID-19_Radiography_Dataset/Normal/images/Normal-4754.png,Normal,Normal,0.027386460453271866,0.05249723792076111,0.9200796484947205,3.6591882235370576e-05,,,
/kaggle/input/datasets/tawsifurrahman/covid19-radiography-database/COVID-19_Radiography_Dataset/Normal/images/Normal-4757.png,Normal,Normal,7.196771184680983e-05,0.07621551305055618,0.9237120747566223,4.300881357721664e-07,,0.5576042532920837,0.5576042532920837
/kaggle/input/datasets/tawsifurrahman/covid19-radiography-database/COVID-19_Radiography_Dataset/Normal/images/Normal-477.png,Normal,Normal,0.0034137475304305553,0.01854555495083332,0.9700352549552917,0.00800548866391182,,0.2732563614845276,0.2732563614845276
/kaggle/input/datasets/tawsifurrahman/covid19-radiography-database/COVID-19_Radiography_Dataset/Normal/images/Normal-4780.png,Normal,Normal,0.024854464456439018,0.022131627425551414,0.9528822302818298,0.00013170983584132046,,,
/kaggle/input/datasets/tawsifurrahman/covid19-radiography-database/COVID-19_Radiography_Dataset/Normal/images/Normal-4789.png,Normal,Normal,0.008912770077586174,0.005053684115409851,0.986033022403717,4.827224984182976e-07,,,
/kaggle/input/datasets/tawsifurrahman/covid19-radiography-database/COVID-19_Radiography_Dataset/Normal/images/Normal-4797.png,Normal,Normal,0.00022403287584893405,0.04582259804010391,0.9539530277252197,3.555789191977965e-07,,0.3502655625343323,0.3502655625343323
/kaggle/input/datasets/tawsifurrahman/covid19-radiography-database/COVID-19_Radiography_Dataset/Normal/images/Normal-4802.png,Normal,Normal,0.0018982072360813618,0.009916070848703384,0.9878910779953003,0.0002946415916085243,,,
/kaggle/input/datasets/tawsifurrahman/covid19-radiography-database/COVID-19_Radiography_Dataset/Normal/images/Normal-4811.png,Normal,Normal,2.707604608076508e-06,0.0012454416137188673,0.9987517595291138,3.8756578391030416e-08,,,
/kaggle/input/datasets/tawsifurrahman/covid19-radiography-database/COVID-19_Radiography_Dataset/Normal/images/Normal-4813.png,Normal,Normal,0.01417627464979887,0.03807259723544121,0.9477073550224304,4.3786803871626034e-05,,,
/kaggle/input/datasets/tawsifurrahman/covid19-radiography-database/COVID-19_Radiography_Dataset/Normal/images/Normal-4824.png,Normal,Normal,0.0009880518773570657,0.008805427700281143,0.9902059435844421,5.604339321507723e-07,,0.33641213178634644,0.33641213178634644
/kaggle/input/datasets/tawsifurrahman/covid19-radiography-database/COVID-19_Radiography_Dataset/Normal/images/Normal-4837.png,Normal,Normal,0.030703721567988396,0.08764059841632843,0.8816496133804321,6.045700956747169e-06,,0.2235749363899231,0.2235749363899231
/kaggle/input/datasets/tawsifurrahman/covid19-radiography-database/COVID-19_Radiography_Dataset/Normal/images/Normal-4855.png,Normal,Normal,2.4471423785143998e-06,0.006222881376743317,0.9937746524810791,1.696607832002428e-08,,,
/kaggle/input/datasets/tawsifurrahman/covid19-radiography-database/COVID-19_Radiography_Dataset/Normal/images/Normal-4860.png,Normal,Normal,8.655039709992707e-05,0.004031328950077295,0.9958813190460205,8.453739042124653e-07,,,
/kaggle/input/datasets/tawsifurrahman/covid19-radiography-database/COVID-19_Radiography_Dataset/Normal/images/Normal-4862.png,Normal,Normal,0.04212310165166855,0.022663824260234833,0.9347701072692871,0.00044292668462730944,,,
/kaggle/input/datasets/tawsifurrahman/covid19-radiography-database/COVID-19_Radiography_Dataset/Normal/images/Normal-4863.png,Normal,Normal,0.0017911542672663927,0.014998297207057476,0.9832085967063904,1.8810181927619851e-06,,,
/kaggle/input/datasets/tawsifurrahman/covid19-radiography-database/COVID-19_Radiography_Dataset/Normal/images/Normal-4882.png,Normal,Normal,0.003589444328099489,0.0464513935148716,0.9490658640861511,0.0008933619246818125,,,
/kaggle/input/datasets/tawsifurrahman/covid19-radiography-database/COVID-19_Radiography_Dataset/Normal/images/Normal-4887.png,Normal,Normal,0.00019003033230546862,0.06114226579666138,0.9386627078056335,4.9933805712498724e-06,,0.3278909921646118,0.3278909921646118
/kaggle/input/datasets/tawsifurrahman/covid19-radiography-database/COVID-19_Radiography_Dataset/Normal/images/Normal-4888.png,Normal,Normal,0.00011221467138966545,0.007158735301345587,0.9926436543464661,8.541590068489313e-05,,,
/kaggle/input/datasets/tawsifurrahman/covid19-radiography-database/COVID-19_Radiography_Dataset/Normal/images/Normal-4896.png,Normal,Normal,0.00020684344053734094,0.010885725729167461,0.9889047741889954,2.658575567693333e-06,,,
/kaggle/input/datasets/tawsifurrahman/covid19-radiography-database/COVID-19_Radiography_Dataset/Normal/images/Normal-4901.png,Normal,Normal,0.0007570725283585489,0.0013755251420661807,0.9978659749031067,1.4926106359780533e-06,,0.32407164573669434,0.32407164573669434
/kaggle/input/datasets/tawsifurrahman/covid19-radiography-database/COVID-19_Radiography_Dataset/Normal/images/Normal-4908.png,Normal,Normal,0.007256545592099428,0.006894766818732023,0.9858343005180359,1.4423011634789873e-05,,0.468514084815979,0.468514084815979
/kaggle/input/datasets/tawsifurrahman/covid19-radiography-database/COVID-19_Radiography_Dataset/Normal/images/Normal-4912.png,Normal,Normal,0.0037870551459491253,0.0887245237827301,0.9074767231941223,1.1729075595212635e-05,,,
/kaggle/input/datasets/tawsifurrahman/covid19-radiography-database/COVID-19_Radiography_Dataset/Normal/images/Normal-4914.png,Normal,Normal,0.0002837784995790571,0.00042272370774298906,0.9992924928665161,1.0069655900224461e-06,,0.562568724155426,0.562568724155426
/kaggle/input/datasets/tawsifurrahman/covid19-radiography-database/COVID-19_Radiography_Dataset/Normal/images/Normal-4928.png,Normal,Normal,0.0004888841067440808,0.03771829605102539,0.9617917537689209,1.1157795825056382e-06,,,
/kaggle/input/datasets/tawsifurrahman/covid19-radiography-database/COVID-19_Radiography_Dataset/Normal/images/Normal-4929.png,Normal,COVID,0.7468193769454956,0.24260452389717102,0.010569916106760502,6.187007784319576e-06,,,
/kaggle/input/datasets/tawsifurrahman/covid19-radiography-database/COVID-19_Radiography_Dataset/Normal/images/Normal-4937.png,Normal,Normal,0.0011794581077992916,0.013458941131830215,0.9853535294532776,8.11133850220358e-06,,0.5623542070388794,0.5623542070388794
/kaggle/input/datasets/tawsifurrahman/covid19-radiography-database/COVID-19_Radiography_Dataset/Normal/images/Normal-4939.png,Normal,Lung_Opacity,0.003038765164092183,0.6360471844673157,0.35958755016326904,0.0013265333836898208,,0.059650667011737823,0.059650667011737823
/kaggle/input/datasets/tawsifurrahman/covid19-radiography-database/COVID-19_Radiography_Dataset/Normal/images/Normal-4946.png,Normal,Normal,6.008185664541088e-06,0.000306035770336166,0.999687910079956,1.211490570085516e-07,,,
/kaggle/input/datasets/tawsifurrahman/covid19-radiography-database/COVID-19_Radiography_Dataset/Normal/images/Normal-4947.png,Normal,Normal,0.0020635914988815784,0.04574880748987198,0.9521554112434387,3.2256601116387174e-05,,0.4516320824623108,0.4516320824623108
/kaggle/input/datasets/tawsifurrahman/covid19-radiography-database/COVID-19_Radiography_Dataset/Normal/images/Normal-495.png,Normal,Normal,2.8473601560108364e-05,0.00016646964650135487,0.9777870178222656,0.022018108516931534,,,
/kaggle/input/datasets/tawsifurrahman/covid19-radiography-database/COVID-19_Radiography_Dataset/Normal/images/Normal-4951.png,Normal,Lung_Opacity,0.0018999644089490175,0.5268112421035767,0.4712035357952118,8.522511052433401e-05,,,
/kaggle/input/datasets/tawsifurrahman/covid19-radiography-database/COVID-19_Radiography_Dataset/Normal/images/Normal-496.png,Normal,Normal,0.0039283703081309795,0.0012210396816954017,0.8547655940055847,0.14008498191833496,,,
/kaggle/input/datasets/tawsifurrahman/covid19-radiography-database/COVID-19_Radiography_Dataset/Normal/images/Normal-4963.png,Normal,Normal,0.004306458402425051,0.09073619544506073,0.904922604560852,3.469145667622797e-05,,,
/kaggle/input/datasets/tawsifurrahman/covid19-radiography-database/COVID-19_Radiography_Dataset/Normal/images/Normal-4971.png,Normal,Normal,0.06703353673219681,0.04109480604529381,0.8917438983917236,0.00012780269025824964,,,
/kaggle/input/datasets/tawsifurrahman/covid19-radiography-database/COVID-19_Radiography_Dataset/Normal/images/Normal-498.png,Normal,Normal,4.283484668121673e-05,0.00028140214271843433,0.9996340274810791,4.177168375463225e-05,,,
/kaggle/input/datasets/tawsifurrahman/covid19-radiography-database/COVID-19_Radiography_Dataset/Normal/images/Normal-4981.png,Normal,Normal,0.0004732779343612492,0.008274096064269543,0.9912524819374084,1.0493766922081704e-07,,,
/kaggle/input/datasets/tawsifurrahman/covid19-radiography-database/COVID-19_Radiography_Dataset/Normal/images/Normal-4985.png,Normal,Normal,0.00262671010568738,0.00036334412288852036,0.9969329833984375,7.69633479649201e-05,,,
/kaggle/input/datasets/tawsifurrahman/covid19-radiography-database/COVID-19_Radiography_Dataset/Normal/images/Normal-4998.png,Normal,Normal,0.0021314858458936214,0.007907141931355,0.9899237751960754,3.758792081498541e-05,,,
/kaggle/input/datasets/tawsifurrahman/covid19-radiography-database/COVID-19_Radiography_Dataset/Normal/images/Normal-5004.png,Normal,Normal,0.012136834673583508,0.007491658441722393,0.9803573489189148,1.4126564565231092e-05,,0.5225402116775513,0.5225402116775513
/kaggle/input/datasets/tawsifurrahman/covid19-radiography-database/COVID-19_Radiography_Dataset/Normal/images/Normal-5006.png,Normal,Normal,0.015438877046108246,0.005910237319767475,0.9786509275436401,1.4505871170911178e-08,,,
/kaggle/input/datasets/tawsifurrahman/covid19-radiography-database/COVID-19_Radiography_Dataset/Normal/images/Normal-501.png,Normal,Normal,7.280414865817875e-05,3.4011602110695094e-05,0.9998055100440979,8.76866834005341e-05,,,
/kaggle/input/datasets/tawsifurrahman/covid19-radiography-database/COVID-19_Radiography_Dataset/Normal/images/Normal-5015.png,Normal,Normal,0.00017261321772821248,0.016452258452773094,0.9829177260398865,0.000457381916930899,,,
/kaggle/input/datasets/tawsifurrahman/covid19-radiography-database/COVID-19_Radiography_Dataset/Normal/images/Normal-5018.png,Normal,Normal,0.00468960776925087,0.0053750816732645035,0.9899347424507141,6.156980703053705e-07,,,
/kaggle/input/datasets/tawsifurrahman/covid19-radiography-database/COVID-19_Radiography_Dataset/Normal/images/Normal-502.png,Normal,Normal,0.0010091748554259539,0.00012999953469261527,0.9987993240356445,6.140544428490102e-05,,,
/kaggle/input/datasets/tawsifurrahman/covid19-radiography-database/COVID-19_Radiography_Dataset/Normal/images/Normal-5024.png,Normal,Normal,0.004724996164441109,0.059024911373853683,0.9362472891807556,2.785455308185192e-06,,0.4925876259803772,0.4925876259803772
/kaggle/input/datasets/tawsifurrahman/covid19-radiography-database/COVID-19_Radiography_Dataset/Normal/images/Normal-5030.png,Normal,Normal,0.004217125475406647,0.04159615933895111,0.9541817903518677,4.960462774761254e-06,,0.4285695254802704,0.4285695254802704
/kaggle/input/datasets/tawsifurrahman/covid19-radiography-database/COVID-19_Radiography_Dataset/Normal/images/Normal-5032.png,Normal,Normal,0.00036452506901696324,0.08324192464351654,0.9163632392883301,3.0340625016833656e-05,,,
/kaggle/input/datasets/tawsifurrahman/covid19-radiography-database/COVID-19_Radiography_Dataset/Normal/images/Normal-5033.png,Normal,Normal,0.002684377133846283,0.029810503125190735,0.9673196077346802,0.00018554377311374992,,,
/kaggle/input/datasets/tawsifurrahman/covid19-radiography-database/COVID-19_Radiography_Dataset/Normal/images/Normal-5034.png,Normal,Normal,0.007034436799585819,0.03145534545183182,0.9614775776863098,3.275267226854339e-05,,0.3185875713825226,0.3185875713825226
/kaggle/input/datasets/tawsifurrahman/covid19-radiography-database/COVID-19_Radiography_Dataset/Normal/images/Normal-5043.png,Normal,Normal,0.002665796782821417,0.026303553953766823,0.9710285663604736,2.06562663151999e-06,,0.3581894636154175,0.3581894636154175
/kaggle/input/datasets/tawsifurrahman/covid19-radiography-database/COVID-19_Radiography_Dataset/Normal/images/Normal-5051.png,Normal,Normal,0.002983873477205634,0.013571172952651978,0.9834437370300293,1.221524712491373e-06,,,
/kaggle/input/datasets/tawsifurrahman/covid19-radiography-database/COVID-19_Radiography_Dataset/Normal/images/Normal-5061.png,Normal,Normal,0.00749641377478838,0.006159482058137655,0.9859420657157898,0.0004020159540232271,,,
/kaggle/input/datasets/tawsifurrahman/covid19-radiography-database/COVID-19_Radiography_Dataset/Normal/images/Normal-5064.png,Normal,Normal,0.04478418081998825,0.006646469235420227,0.9483221173286438,0.0002472295018378645,,,
/kaggle/input/datasets/tawsifurrahman/covid19-radiography-database/COVID-19_Radiography_Dataset/Normal/images/Normal-5065.png,Normal,Normal,0.003548981621861458,0.028143642470240593,0.9683066606521606,8.222496603593754e-07,,,
/kaggle/input/datasets/tawsifurrahman/covid19-radiography-database/COVID-19_Radiography_Dataset/Normal/images/Normal-507.png,Normal,Normal,0.00046093229320831597,9.979645255953074e-06,0.9986973404884338,0.0008316957973875105,,,
/kaggle/input/datasets/tawsifurrahman/covid19-radiography-database/COVID-19_Radiography_Dataset/Normal/images/Normal-5070.png,Normal,Normal,0.004490452818572521,0.021791523322463036,0.9719241261482239,0.0017939343815669417,,0.568607747554779,0.568607747554779
/kaggle/input/datasets/tawsifurrahman/covid19-radiography-database/COVID-19_Radiography_Dataset/Normal/images/Normal-508.png,Normal,Normal,0.014533285051584244,0.00029890434234403074,0.8222755789756775,0.16289222240447998,,,
/kaggle/input/datasets/tawsifurrahman/covid19-radiography-database/COVID-19_Radiography_Dataset/Normal/images/Normal-5081.png,Normal,Normal,0.017754623666405678,0.016228239983320236,0.9660148024559021,2.3962484192452393e-06,,,
/kaggle/input/datasets/tawsifurrahman/covid19-radiography-database/COVID-19_Radiography_Dataset/Normal/images/Normal-5097.png,Normal,Normal,0.013941021636128426,0.08622150868177414,0.8998185396194458,1.8891552826971747e-05,,,
/kaggle/input/datasets/tawsifurrahman/covid19-radiography-database/COVID-19_Radiography_Dataset/Normal/images/Normal-5098.png,Normal,Normal,1.5068899301695637e-05,0.06321246176958084,0.9367658495903015,6.615236088691745e-06,,0.46383360028266907,0.46383360028266907
/kaggle/input/datasets/tawsifurrahman/covid19-radiography-database/COVID-19_Radiography_Dataset/Normal/images/Normal-51.png,Normal,Normal,0.23898731172084808,0.005992510821670294,0.755005419254303,1.4773555449210107e-05,,,
/kaggle/input/datasets/tawsifurrahman/covid19-radiography-database/COVID-19_Radiography_Dataset/Normal/images/Normal-5109.png,Normal,Normal,0.00012732329196296632,0.0023507392033934593,0.9975209832191467,8.681162171342294e-07,,,
/kaggle/input/datasets/tawsifurrahman/covid19-radiography-database/COVID-19_Radiography_Dataset/Normal/images/Normal-5113.png,Normal,Normal,9.520969615550712e-05,0.006672341376543045,0.9932321310043335,2.971449362121348e-07,,,
/kaggle/input/datasets/tawsifurrahman/covid19-radiography-database/COVID-19_Radiography_Dataset/Normal/images/Normal-5122.png,Normal,Normal,5.183812845643843e-06,0.015600890852510929,0.9843892455101013,4.670446287491359e-06,,,
/kaggle/input/datasets/tawsifurrahman/covid19-radiography-database/COVID-19_Radiography_Dataset/Normal/images/Normal-5129.png,Normal,Normal,0.00048805197002366185,0.0010159156518056989,0.9984819293022156,1.4174900570651516e-05,,,
/kaggle/input/datasets/tawsifurrahman/covid19-radiography-database/COVID-19_Radiography_Dataset/Normal/images/Normal-5130.png,Normal,Lung_Opacity,0.002819780260324478,0.5148763060569763,0.4822816848754883,2.21940044866642e-05,,,
/kaggle/input/datasets/tawsifurrahman/covid19-radiography-database/COVID-19_Radiography_Dataset/Normal/images/Normal-5132.png,Normal,Normal,0.0005044470308348536,0.0028916355222463608,0.9965792298316956,2.4702447262825444e-05,,0.5163832306861877,0.5163832306861877
/kaggle/input/datasets/tawsifurrahman/covid19-radiography-database/COVID-19_Radiography_Dataset/Normal/images/Normal-5137.png,Normal,Normal,0.0006881261360831559,0.03663075715303421,0.9626780152320862,3.1239733289112337e-06,,,
/kaggle/input/datasets/tawsifurrahman/covid19-radiography-database/COVID-19_Radiography_Dataset/Normal/images/Normal-5144.png,Normal,Normal,0.0018565256614238024,0.009099106304347515,0.9890443086624146,1.2659582182550366e-07,,,
/kaggle/input/datasets/tawsifurrahman/covid19-radiography-database/COVID-19_Radiography_Dataset/Normal/images/Normal-5146.png,Normal,Normal,0.0021958681754767895,0.00597313093021512,0.9917618036270142,6.923639011802152e-05,,,
/kaggle/input/datasets/tawsifurrahman/covid19-radiography-database/COVID-19_Radiography_Dataset/Normal/images/Normal-5148.png,Normal,Lung_Opacity,0.008482174016535282,0.6889411211013794,0.3025680482387543,8.655140845803544e-06,,0.1545209437608719,0.1545209437608719
/kaggle/input/datasets/tawsifurrahman/covid19-radiography-database/COVID-19_Radiography_Dataset/Normal/images/Normal-5150.png,Normal,Normal,0.007903401739895344,0.04729003086686134,0.9447760581970215,3.045073026441969e-05,,,
/kaggle/input/datasets/tawsifurrahman/covid19-radiography-database/COVID-19_Radiography_Dataset/Normal/images/Normal-5160.png,Normal,Normal,1.8958246073452756e-05,0.0018473629606887698,0.9981319308280945,1.7515902754894341e-06,,0.44775456190109253,0.44775456190109253
/kaggle/input/datasets/tawsifurrahman/covid19-radiography-database/COVID-19_Radiography_Dataset/Normal/images/Normal-5168.png,Normal,Normal,0.00013579694496002048,0.018569858744740486,0.9812864661216736,7.804706001479644e-06,,,
/kaggle/input/datasets/tawsifurrahman/covid19-radiography-database/COVID-19_Radiography_Dataset/Normal/images/Normal-5175.png,Normal,Normal,7.069063576636836e-05,0.0008290634723380208,0.9991002082824707,1.5799805908045528e-08,,,
/kaggle/input/datasets/tawsifurrahman/covid19-radiography-database/COVID-19_Radiography_Dataset/Normal/images/Normal-5180.png,Normal,Lung_Opacity,0.001133820042014122,0.8035558462142944,0.19530841708183289,1.9094541130471043e-06,,0.19494089484214783,0.19494089484214783
/kaggle/input/datasets/tawsifurrahman/covid19-radiography-database/COVID-19_Radiography_Dataset/Normal/images/Normal-5181.png,Normal,Normal,0.0017421721713617444,0.026996975764632225,0.9712193608283997,4.1546591091901064e-05,,,
/kaggle/input/datasets/tawsifurrahman/covid19-radiography-database/COVID-19_Radiography_Dataset/Normal/images/Normal-5185.png,Normal,Normal,0.006723231170326471,0.18962588906288147,0.8023891448974609,0.00126177491620183,,,
/kaggle/input/datasets/tawsifurrahman/covid19-radiography-database/COVID-19_Radiography_Dataset/Normal/images/Normal-5193.png,Normal,Normal,7.452419595210813e-06,0.0006667302804999053,0.9993257522583008,3.737211651255734e-10,,,
/kaggle/input/datasets/tawsifurrahman/covid19-radiography-database/COVID-19_Radiography_Dataset/Normal/images/Normal-520.png,Normal,Normal,0.00018132937839254737,0.0005390949663706124,0.9980990290641785,0.0011805996764451265,,,
/kaggle/input/datasets/tawsifurrahman/covid19-radiography-database/COVID-19_Radiography_Dataset/Normal/images/Normal-5202.png,Normal,Normal,0.09299611300230026,0.01472063921391964,0.8921812176704407,0.00010207331797573715,,,
/kaggle/input/datasets/tawsifurrahman/covid19-radiography-database/COVID-19_Radiography_Dataset/Normal/images/Normal-5203.png,Normal,Normal,0.001204098341986537,0.006593185011297464,0.9921969175338745,5.85959378440748e-06,,,
/kaggle/input/datasets/tawsifurrahman/covid19-radiography-database/COVID-19_Radiography_Dataset/Normal/images/Normal-5216.png,Normal,Normal,0.0024340548552572727,0.0012438885169103742,0.9963182210922241,3.82162761525251e-06,,,
/kaggle/input/datasets/tawsifurrahman/covid19-radiography-database/COVID-19_Radiography_Dataset/Normal/images/Normal-522.png,Normal,Normal,0.0005421836394816637,0.0004207471793051809,0.9983459711074829,0.0006910372758284211,,0.3206882178783417,0.3206882178783417
/kaggle/input/datasets/tawsifurrahman/covid19-radiography-database/COVID-19_Radiography_Dataset/Normal/images/Normal-5224.png,Normal,Normal,0.008329775184392929,0.00889127142727375,0.9827775955200195,1.389889348502038e-06,,,
/kaggle/input/datasets/tawsifurrahman/covid19-radiography-database/COVID-19_Radiography_Dataset/Normal/images/Normal-5225.png,Normal,Normal,0.00010055199527414516,0.0003084847703576088,0.9995893836021423,1.540924699838797e-06,,0.48133140802383423,0.48133140802383423
/kaggle/input/datasets/tawsifurrahman/covid19-radiography-database/COVID-19_Radiography_Dataset/Normal/images/Normal-5235.png,Normal,Normal,0.045692265033721924,0.04880501702427864,0.905500590801239,2.123331796610728e-06,,,
/kaggle/input/datasets/tawsifurrahman/covid19-radiography-database/COVID-19_Radiography_Dataset/Normal/images/Normal-524.png,Normal,Normal,1.6105819668155164e-05,0.00019438215531408787,0.9787768721580505,0.021012691780924797,,,
/kaggle/input/datasets/tawsifurrahman/covid19-radiography-database/COVID-19_Radiography_Dataset/Normal/images/Normal-5252.png,Normal,Normal,0.004318349529057741,0.09861335158348083,0.8970564603805542,1.1917630217794795e-05,,,
/kaggle/input/datasets/tawsifurrahman/covid19-radiography-database/COVID-19_Radiography_Dataset/Normal/images/Normal-526.png,Normal,Normal,0.1213923990726471,0.0019978138152509928,0.5619350075721741,0.3146747648715973,,0.24592225253582,0.24592225253582
/kaggle/input/datasets/tawsifurrahman/covid19-radiography-database/COVID-19_Radiography_Dataset/Normal/images/Normal-5280.png,Normal,Normal,0.01831316016614437,0.03270554170012474,0.9487012624740601,0.0002800609508994967,,,
/kaggle/input/datasets/tawsifurrahman/covid19-radiography-database/COVID-19_Radiography_Dataset/Normal/images/Normal-5282.png,Normal,Normal,0.003848189488053322,0.04953485727310181,0.9465052485466003,0.00011178239219589159,,0.5088940262794495,0.5088940262794495
/kaggle/input/datasets/tawsifurrahman/covid19-radiography-database/COVID-19_Radiography_Dataset/Normal/images/Normal-5289.png,Normal,Normal,0.014405484311282635,0.00874264445155859,0.9768427610397339,9.041268640430644e-06,,,
/kaggle/input/datasets/tawsifurrahman/covid19-radiography-database/COVID-19_Radiography_Dataset/Normal/images/Normal-529.png,Normal,Normal,0.0018149687675759196,0.00013950323045719415,0.9763968586921692,0.021648690104484558,,,
/kaggle/input/datasets/tawsifurrahman/covid19-radiography-database/COVID-19_Radiography_Dataset/Normal/images/Normal-5293.png,Normal,Normal,0.011133858934044838,0.02901727519929409,0.9598339796066284,1.4898379049554933e-05,,,
/kaggle/input/datasets/tawsifurrahman/covid19-radiography-database/COVID-19_Radiography_Dataset/Normal/images/Normal-5306.png,Normal,Normal,0.0001999498053919524,0.009816326200962067,0.9899725914001465,1.1156623259012122e-05,,,
/kaggle/input/datasets/tawsifurrahman/covid19-radiography-database/COVID-19_Radiography_Dataset/Normal/images/Normal-532.png,Normal,Normal,1.2390367373882327e-05,0.0005406244308687747,0.998681366443634,0.0007656274829059839,,,
/kaggle/input/datasets/tawsifurrahman/covid19-radiography-database/COVID-19_Radiography_Dataset/Normal/images/Normal-5330.png,Normal,Normal,0.0374019593000412,0.003954713698476553,0.9586416482925415,1.7126536704381579e-06,,,
/kaggle/input/datasets/tawsifurrahman/covid19-radiography-database/COVID-19_Radiography_Dataset/Normal/images/Normal-5332.png,Normal,Normal,0.0030938300769776106,0.03594912216067314,0.9609559178352356,1.1418501344451215e-06,,0.4929572641849518,0.4929572641849518
/kaggle/input/datasets/tawsifurrahman/covid19-radiography-database/COVID-19_Radiography_Dataset/Normal/images/Normal-5354.png,Normal,Normal,3.446032133069821e-05,0.006000225432217121,0.9939648509025574,5.008870971323631e-07,,,
/kaggle/input/datasets/tawsifurrahman/covid19-radiography-database/COVID-19_Radiography_Dataset/Normal/images/Normal-5361.png,Normal,Normal,0.0008806575788185,0.038506798446178436,0.9606124758720398,9.776290710306057e-08,,0.46720564365386963,0.46720564365386963
/kaggle/input/datasets/tawsifurrahman/covid19-radiography-database/COVID-19_Radiography_Dataset/Normal/images/Normal-5365.png,Normal,Normal,7.370133062067907e-06,0.002891520969569683,0.9970654845237732,3.5582157579483464e-05,,,
/kaggle/input/datasets/tawsifurrahman/covid19-radiography-database/COVID-19_Radiography_Dataset/Normal/images/Normal-5370.png,Normal,Normal,0.006116372998803854,0.009261682629585266,0.9846194386482239,2.5108124646067154e-06,,0.37154555320739746,0.37154555320739746
/kaggle/input/datasets/tawsifurrahman/covid19-radiography-database/COVID-19_Radiography_Dataset/Normal/images/Normal-5372.png,Normal,Normal,6.379333171935286e-06,0.1694032996892929,0.8305890560150146,1.3107435279380297e-06,,,
/kaggle/input/datasets/tawsifurrahman/covid19-radiography-database/COVID-19_Radiography_Dataset/Normal/images/Normal-5383.png,Normal,Normal,3.167202157783322e-05,0.00327896885573864,0.9963066577911377,0.0003826736647170037,,0.29815155267715454,0.29815155267715454
/kaggle/input/datasets/tawsifurrahman/covid19-radiography-database/COVID-19_Radiography_Dataset/Normal/images/Normal-5386.png,Normal,Normal,0.00013620217214338481,0.0131174111738801,0.986741840839386,4.50503330284846e-06,,,
/kaggle/input/datasets/tawsifurrahman/covid19-radiography-database/COVID-19_Radiography_Dataset/Normal/images/Normal-5400.png,Normal,Normal,0.01376959029585123,0.029241284355521202,0.956977903842926,1.1331066161801573e-05,,0.3272257149219513,0.3272257149219513
/kaggle/input/datasets/tawsifurrahman/covid19-radiography-database/COVID-19_Radiography_Dataset/Normal/images/Normal-5402.png,Normal,Normal,0.03625693544745445,0.45756494998931885,0.5061760544776917,2.102024382111267e-06,,0.5021117329597473,0.5021117329597473
/kaggle/input/datasets/tawsifurrahman/covid19-radiography-database/COVID-19_Radiography_Dataset/Normal/images/Normal-5404.png,Normal,COVID,0.49981576204299927,0.03233153000473976,0.4673348665237427,0.0005178043502382934,,,
/kaggle/input/datasets/tawsifurrahman/covid19-radiography-database/COVID-19_Radiography_Dataset/Normal/images/Normal-5412.png,Normal,Normal,5.787645022792276e-06,0.10710714012384415,0.8928686380386353,1.8471055227564648e-05,,,
/kaggle/input/datasets/tawsifurrahman/covid19-radiography-database/COVID-19_Radiography_Dataset/Normal/images/Normal-542.png,Normal,Normal,2.5964382075471804e-05,8.574521052651107e-05,0.9997469782829285,0.00014129218470770866,,,
/kaggle/input/datasets/tawsifurrahman/covid19-radiography-database/COVID-19_Radiography_Dataset/Normal/images/Normal-5427.png,Normal,Normal,0.24416323006153107,0.014534099958837032,0.7393503785133362,0.0019522468792274594,,0.5192505121231079,0.5192505121231079
/kaggle/input/datasets/tawsifurrahman/covid19-radiography-database/COVID-19_Radiography_Dataset/Normal/images/Normal-5433.png,Normal,Lung_Opacity,0.02394060231745243,0.8608977198600769,0.11504469066858292,0.00011703417112585157,,0.05546477064490318,0.05546477064490318
/kaggle/input/datasets/tawsifurrahman/covid19-radiography-database/COVID-19_Radiography_Dataset/Normal/images/Normal-5434.png,Normal,Normal,0.0003159617190249264,0.003202691674232483,0.9964807629585266,6.168611434986815e-07,,,
/kaggle/input/datasets/tawsifurrahman/covid19-radiography-database/COVID-19_Radiography_Dataset/Normal/images/Normal-5436.png,Normal,Normal,0.2800171375274658,0.025002216920256615,0.6949751377105713,5.4733136494178325e-06,,,
/kaggle/input/datasets/tawsifurrahman/covid19-radiography-database/COVID-19_Radiography_Dataset/Normal/images/Normal-5442.png,Normal,Normal,2.7226291422266513e-05,0.057445500046014786,0.942527174949646,1.1788707610094207e-07,,,
/kaggle/input/datasets/tawsifurrahman/covid19-radiography-database/COVID-19_Radiography_Dataset/Normal/images/Normal-545.png,Normal,Normal,0.0002227815566584468,0.0004272380901966244,0.9981326460838318,0.0012173736467957497,,,
/kaggle/input/datasets/tawsifurrahman/covid19-radiography-database/COVID-19_Radiography_Dataset/Normal/images/Normal-5456.png,Normal,Lung_Opacity,0.0008857385837472975,0.8890531063079834,0.1100497618317604,1.1436985914770048e-05,,,
/kaggle/input/datasets/tawsifurrahman/covid19-radiography-database/COVID-19_Radiography_Dataset/Normal/images/Normal-5460.png,Normal,Normal,0.0010797494323924184,0.003223622450605035,0.9956348538398743,6.18513222434558e-05,,,
/kaggle/input/datasets/tawsifurrahman/covid19-radiography-database/COVID-19_Radiography_Dataset/Normal/images/Normal-5463.png,Normal,Normal,0.0019048136891797185,0.016980616375803947,0.9811066389083862,7.94536026660353e-06,,,
/kaggle/input/datasets/tawsifurrahman/covid19-radiography-database/COVID-19_Radiography_Dataset/Normal/images/Normal-5464.png,Normal,Normal,0.00038462906377390027,0.046138945966959,0.9534485340118408,2.7952286473009735e-05,,,
/kaggle/input/datasets/tawsifurrahman/covid19-radiography-database/COVID-19_Radiography_Dataset/Normal/images/Normal-5466.png,Normal,Normal,0.00017172207299154252,0.0266394205391407,0.973178505897522,1.0397729056421667e-05,,,
/kaggle/input/datasets/tawsifurrahman/covid19-radiography-database/COVID-19_Radiography_Dataset/Normal/images/Normal-5470.png,Normal,Normal,0.00037508440436795354,0.00936095230281353,0.9902635812759399,3.774374022214033e-07,,0.5143790245056152,0.5143790245056152
/kaggle/input/datasets/tawsifurrahman/covid19-radiography-database/COVID-19_Radiography_Dataset/Normal/images/Normal-5474.png,Normal,Normal,0.001143511850386858,0.00465529877692461,0.9942008256912231,3.9959380160325964e-07,,,
/kaggle/input/datasets/tawsifurrahman/covid19-radiography-database/COVID-19_Radiography_Dataset/Normal/images/Normal-5478.png,Normal,Normal,0.0005174202378839254,0.004931754898279905,0.9945502877235413,5.185985969546891e-07,,0.4063398540019989,0.4063398540019989
/kaggle/input/datasets/tawsifurrahman/covid19-radiography-database/COVID-19_Radiography_Dataset/Normal/images/Normal-5499.png,Normal,Normal,0.005083661526441574,0.08206120878458023,0.9126976728439331,0.00015750549209769815,,,
/kaggle/input/datasets/tawsifurrahman/covid19-radiography-database/COVID-19_Radiography_Dataset/Normal/images/Normal-551.png,Normal,Normal,0.00961193349212408,0.0009424695163033903,0.9721749424934387,0.017270570620894432,,0.3617187440395355,0.3617187440395355
/kaggle/input/datasets/tawsifurrahman/covid19-radiography-database/COVID-19_Radiography_Dataset/Normal/images/Normal-5530.png,Normal,Normal,0.0028807728085666895,0.1481102705001831,0.8489022254943848,0.00010670968913473189,,0.43116024136543274,0.43116024136543274
/kaggle/input/datasets/tawsifurrahman/covid19-radiography-database/COVID-19_Radiography_Dataset/Normal/images/Normal-5540.png,Normal,Normal,0.02077421545982361,0.0059956456534564495,0.9732297658920288,3.6452595963964995e-07,,,
/kaggle/input/datasets/tawsifurrahman/covid19-radiography-database/COVID-19_Radiography_Dataset/Normal/images/Normal-5542.png,Normal,Normal,5.148757281858707e-06,0.1894194632768631,0.8105732798576355,2.194223498008796e-06,,,
/kaggle/input/datasets/tawsifurrahman/covid19-radiography-database/COVID-19_Radiography_Dataset/Normal/images/Normal-5544.png,Normal,Normal,1.098852590075694e-05,0.019431330263614655,0.9805575609207153,1.833861631439504e-07,,,
/kaggle/input/datasets/tawsifurrahman/covid19-radiography-database/COVID-19_Radiography_Dataset/Normal/images/Normal-5548.png,Normal,Normal,0.0402507521212101,0.40917474031448364,0.550282895565033,0.0002916165685746819,,,
/kaggle/input/datasets/tawsifurrahman/covid19-radiography-database/COVID-19_Radiography_Dataset/Normal/images/Normal-555.png,Normal,Normal,0.00021116920106578618,0.00010530176950851455,0.9994485974311829,0.00023499644885305315,,,
/kaggle/input/datasets/tawsifurrahman/covid19-radiography-database/COVID-19_Radiography_Dataset/Normal/images/Normal-5560.png,Normal,Normal,0.001641328213736415,0.030361495912075043,0.9679861664772034,1.0982907951984089e-05,,0.38257086277008057,0.38257086277008057
/kaggle/input/datasets/tawsifurrahman/covid19-radiography-database/COVID-19_Radiography_Dataset/Normal/images/Normal-5562.png,Normal,Normal,0.39330893754959106,0.015244225040078163,0.5914312601089478,1.5557377992081456e-05,,,
/kaggle/input/datasets/tawsifurrahman/covid19-radiography-database/COVID-19_Radiography_Dataset/Normal/images/Normal-5565.png,Normal,Normal,0.00012972895638085902,0.057227831333875656,0.9426316022872925,1.091138710762607e-05,,,
/kaggle/input/datasets/tawsifurrahman/covid19-radiography-database/COVID-19_Radiography_Dataset/Normal/images/Normal-5580.png,Normal,Normal,0.002801616908982396,0.0323522686958313,0.9640322923660278,0.0008137944387272,,,
/kaggle/input/datasets/tawsifurrahman/covid19-radiography-database/COVID-19_Radiography_Dataset/Normal/images/Normal-5583.png,Normal,Normal,0.0008997649420052767,0.034990232437849045,0.964103102684021,6.939839749975363e-06,,0.4839193522930145,0.4839193522930145
/kaggle/input/datasets/tawsifurrahman/covid19-radiography-database/COVID-19_Radiography_Dataset/Normal/images/Normal-5586.png,Normal,Normal,0.01810806430876255,0.005234767682850361,0.9766132831573486,4.3928779632551596e-05,,,
/kaggle/input/datasets/tawsifurrahman/covid19-radiography-database/COVID-19_Radiography_Dataset/Normal/images/Normal-5589.png,Normal,Normal,0.15189529955387115,0.0023989765904843807,0.8457038998603821,1.8038203961623367e-06,,,
/kaggle/input/datasets/tawsifurrahman/covid19-radiography-database/COVID-19_Radiography_Dataset/Normal/images/Normal-559.png,Normal,Normal,8.64352330154361e-07,0.00013457999739330262,0.9998257756233215,3.8817186577944085e-05,,0.3335963487625122,0.3335963487625122
/kaggle/input/datasets/tawsifurrahman/covid19-radiography-database/COVID-19_Radiography_Dataset/Normal/images/Normal-5598.png,Normal,Normal,0.002305887406691909,0.002126699313521385,0.9955551028251648,1.2230041647853795e-05,,0.36016905307769775,0.36016905307769775
/kaggle/input/datasets/tawsifurrahman/covid19-radiography-database/COVID-19_Radiography_Dataset/Normal/images/Normal-5602.png,Normal,Lung_Opacity,0.012897050939500332,0.5574909448623657,0.4296106696128845,1.357258838652342e-06,,,
/kaggle/input/datasets/tawsifurrahman/covid19-radiography-database/COVID-19_Radiography_Dataset/Normal/images/Normal-5605.png,Normal,Normal,0.011678626760840416,0.1495349109172821,0.8387811183929443,5.354456789063988e-06,,,
/kaggle/input/datasets/tawsifurrahman/covid19-radiography-database/COVID-19_Radiography_Dataset/Normal/images/Normal-5609.png,Normal,Normal,6.781742558814585e-05,0.05631153658032417,0.9433403611183167,0.0002803129318635911,,,
/kaggle/input/datasets/tawsifurrahman/covid19-radiography-database/COVID-19_Radiography_Dataset/Normal/images/Normal-5612.png,Normal,Normal,0.0023023944813758135,0.029431382194161415,0.9682660698890686,1.805770892815417e-07,,,
/kaggle/input/datasets/tawsifurrahman/covid19-radiography-database/COVID-19_Radiography_Dataset/Normal/images/Normal-5616.png,Normal,COVID,0.7042126059532166,0.0029462804086506367,0.2924818992614746,0.00035918247886002064,,,
/kaggle/input/datasets/tawsifurrahman/covid19-radiography-database/COVID-19_Radiography_Dataset/Normal/images/Normal-5621.png,Normal,Normal,0.0005544743034988642,0.16455663740634918,0.834888756275177,1.328498768771169e-07,,,
/kaggle/input/datasets/tawsifurrahman/covid19-radiography-database/COVID-19_Radiography_Dataset/Normal/images/Normal-5631.png,Normal,Normal,0.3707059323787689,0.020739011466503143,0.607739269733429,0.0008157908450812101,,0.15955577790737152,0.15955577790737152
/kaggle/input/datasets/tawsifurrahman/covid19-radiography-database/COVID-19_Radiography_Dataset/Normal/images/Normal-5635.png,Normal,Normal,0.0011086163576692343,0.2306191325187683,0.7617926597595215,0.006479521282017231,,,
/kaggle/input/datasets/tawsifurrahman/covid19-radiography-database/COVID-19_Radiography_Dataset/Normal/images/Normal-5645.png,Normal,Normal,0.09255281835794449,0.010773828253149986,0.8966664671897888,6.879763986944454e-06,,,
/kaggle/input/datasets/tawsifurrahman/covid19-radiography-database/COVID-19_Radiography_Dataset/Normal/images/Normal-5646.png,Normal,Normal,0.0029185907915234566,0.009673330001533031,0.9872829914093018,0.00012510763190221041,,,
/kaggle/input/datasets/tawsifurrahman/covid19-radiography-database/COVID-19_Radiography_Dataset/Normal/images/Normal-5659.png,Normal,Normal,0.002637220313772559,0.005397348199039698,0.9919652938842773,1.7185456613333372e-07,,0.35586464405059814,0.35586464405059814
/kaggle/input/datasets/tawsifurrahman/covid19-radiography-database/COVID-19_Radiography_Dataset/Normal/images/Normal-5662.png,Normal,Normal,0.07163592427968979,0.20324525237083435,0.7251179218292236,8.934314905673091e-07,,,
/kaggle/input/datasets/tawsifurrahman/covid19-radiography-database/COVID-19_Radiography_Dataset/Normal/images/Normal-5679.png,Normal,Normal,0.0002195123233832419,0.001085942261852324,0.9986940026283264,4.905535888610757e-07,,0.4867861568927765,0.4867861568927765
/kaggle/input/datasets/tawsifurrahman/covid19-radiography-database/COVID-19_Radiography_Dataset/Normal/images/Normal-568.png,Normal,Normal,2.4340788513654843e-05,0.0003482743923086673,0.9995983242988586,2.9082253604428843e-05,,,
/kaggle/input/datasets/tawsifurrahman/covid19-radiography-database/COVID-19_Radiography_Dataset/Normal/images/Normal-5682.png,Normal,Normal,0.000643243663944304,0.039552900940179825,0.959801435470581,2.4012122139538405e-06,,,
/kaggle/input/datasets/tawsifurrahman/covid19-radiography-database/COVID-19_Radiography_Dataset/Normal/images/Normal-5683.png,Normal,Normal,0.025497468188405037,0.00716343754902482,0.9673380851745605,9.61086016104673e-07,,,
/kaggle/input/datasets/tawsifurrahman/covid19-radiography-database/COVID-19_Radiography_Dataset/Normal/images/Normal-5689.png,Normal,Normal,6.749470048816875e-05,0.006153162568807602,0.9937792420387268,8.044142418839328e-08,,,
/kaggle/input/datasets/tawsifurrahman/covid19-radiography-database/COVID-19_Radiography_Dataset/Normal/images/Normal-5695.png,Normal,Normal,0.00011594017269089818,0.0016059518093243241,0.9982781410217285,1.610327160506131e-08,,,
/kaggle/input/datasets/tawsifurrahman/covid19-radiography-database/COVID-19_Radiography_Dataset/Normal/images/Normal-5696.png,Normal,Normal,0.002056150697171688,0.035656899213790894,0.962192952632904,9.399645932717249e-05,,0.3349436819553375,0.3349436819553375
/kaggle/input/datasets/tawsifurrahman/covid19-radiography-database/COVID-19_Radiography_Dataset/Normal/images/Normal-5708.png,Normal,Normal,0.002858209889382124,0.03684615343809128,0.9602937698364258,1.8237078620586544e-06,,0.3359885513782501,0.3359885513782501
/kaggle/input/datasets/tawsifurrahman/covid19-radiography-database/COVID-19_Radiography_Dataset/Normal/images/Normal-5712.png,Normal,Normal,0.00026613115915097296,0.0077079543843865395,0.9920244216918945,1.5403107909151004e-06,,,
/kaggle/input/datasets/tawsifurrahman/covid19-radiography-database/COVID-19_Radiography_Dataset/Normal/images/Normal-5717.png,Normal,Normal,0.00031445163767784834,0.0025878213346004486,0.9970097541809082,8.786337275523692e-05,,,
/kaggle/input/datasets/tawsifurrahman/covid19-radiography-database/COVID-19_Radiography_Dataset/Normal/images/Normal-5719.png,Normal,Normal,0.004434946924448013,0.05657140910625458,0.9389893412590027,4.2599226617312524e-06,,,
/kaggle/input/datasets/tawsifurrahman/covid19-radiography-database/COVID-19_Radiography_Dataset/Normal/images/Normal-5720.png,Normal,Normal,0.31547799706459045,0.006282031070441008,0.6780529022216797,0.00018708716379478574,,0.49050506949424744,0.49050506949424744
/kaggle/input/datasets/tawsifurrahman/covid19-radiography-database/COVID-19_Radiography_Dataset/Normal/images/Normal-5724.png,Normal,Normal,0.015734106302261353,0.010645776987075806,0.9736161828041077,3.870929049298866e-06,,0.40469062328338623,0.40469062328338623
/kaggle/input/datasets/tawsifurrahman/covid19-radiography-database/COVID-19_Radiography_Dataset/Normal/images/Normal-5725.png,Normal,Normal,0.0106447022408247,0.008941932581365108,0.9803013205528259,0.00011194077524123713,,,
/kaggle/input/datasets/tawsifurrahman/covid19-radiography-database/COVID-19_Radiography_Dataset/Normal/images/Normal-5729.png,Normal,Normal,0.003037987044081092,0.2656456232070923,0.7312031388282776,0.00011320882185827941,,,
/kaggle/input/datasets/tawsifurrahman/covid19-radiography-database/COVID-19_Radiography_Dataset/Normal/images/Normal-5740.png,Normal,Normal,0.0005994990933686495,0.000649457739200443,0.9987418055534363,9.31947124627186e-06,,0.547366201877594,0.547366201877594
/kaggle/input/datasets/tawsifurrahman/covid19-radiography-database/COVID-19_Radiography_Dataset/Normal/images/Normal-5755.png,Normal,Normal,0.00016255788796115667,0.00327888410538435,0.9965569972991943,1.5778234683239134e-06,,,
/kaggle/input/datasets/tawsifurrahman/covid19-radiography-database/COVID-19_Radiography_Dataset/Normal/images/Normal-5757.png,Normal,Normal,0.0017733685672283173,0.021764608100056648,0.9763662815093994,9.580935147823766e-05,,0.4641527831554413,0.4641527831554413
/kaggle/input/datasets/tawsifurrahman/covid19-radiography-database/COVID-19_Radiography_Dataset/Normal/images/Normal-5769.png,Normal,Normal,0.00013496653991751373,0.004778048489242792,0.9950851798057556,1.8206093272965518e-06,,,
/kaggle/input/datasets/tawsifurrahman/covid19-radiography-database/COVID-19_Radiography_Dataset/Normal/images/Normal-5773.png,Normal,Normal,0.012672175653278828,0.008864283561706543,0.9784634709358215,9.028742198324835e-08,,0.38855358958244324,0.38855358958244324
/kaggle/input/datasets/tawsifurrahman/covid19-radiography-database/COVID-19_Radiography_Dataset/Normal/images/Normal-5783.png,Normal,Normal,1.631103987165261e-05,0.007900222204625607,0.9920834302902222,6.301595334434751e-08,,,
/kaggle/input/datasets/tawsifurrahman/covid19-radiography-database/COVID-19_Radiography_Dataset/Normal/images/Normal-58.png,Normal,Normal,0.00030099431751295924,0.4066803753376007,0.5929296016693115,8.91105955815874e-05,,,
/kaggle/input/datasets/tawsifurrahman/covid19-radiography-database/COVID-19_Radiography_Dataset/Normal/images/Normal-5817.png,Normal,Normal,0.002651667920872569,0.004400425590574741,0.9929454922676086,2.3697914457443403e-06,,0.48753827810287476,0.48753827810287476
/kaggle/input/datasets/tawsifurrahman/covid19-radiography-database/COVID-19_Radiography_Dataset/Normal/images/Normal-5826.png,Normal,Normal,0.00011788366100518033,0.002166206482797861,0.9977149963378906,9.376105367664422e-07,,,
/kaggle/input/datasets/tawsifurrahman/covid19-radiography-database/COVID-19_Radiography_Dataset/Normal/images/Normal-5828.png,Normal,Normal,0.08131793141365051,0.11864469200372696,0.7985464930534363,0.0014909232268109918,,0.459873229265213,0.459873229265213
/kaggle/input/datasets/tawsifurrahman/covid19-radiography-database/COVID-19_Radiography_Dataset/Normal/images/Normal-5831.png,Normal,Normal,0.004446298349648714,0.005329048726707697,0.9902228116989136,1.7737239659254556e-06,,,
/kaggle/input/datasets/tawsifurrahman/covid19-radiography-database/COVID-19_Radiography_Dataset/Normal/images/Normal-5834.png,Normal,Normal,0.01169650536030531,0.009733985178172588,0.9783398509025574,0.00022953885491006076,,,
/kaggle/input/datasets/tawsifurrahman/covid19-radiography-database/COVID-19_Radiography_Dataset/Normal/images/Normal-5855.png,Normal,Normal,0.001450413721613586,0.0047949752770364285,0.9937543272972107,3.7777584793730057e-07,,0.5103316307067871,0.5103316307067871
/kaggle/input/datasets/tawsifurrahman/covid19-radiography-database/COVID-19_Radiography_Dataset/Normal/images/Normal-5858.png,Normal,Normal,0.0013423279160633683,0.12138961255550385,0.8772642016410828,3.831808498944156e-06,,,
/kaggle/input/datasets/tawsifurrahman/covid19-radiography-database/COVID-19_Radiography_Dataset/Normal/images/Normal-5859.png,Normal,Normal,0.00016510560817550868,0.009358249604701996,0.9904717206954956,4.926660949422512e-06,,,
/kaggle/input/datasets/tawsifurrahman/covid19-radiography-database/COVID-19_Radiography_Dataset/Normal/images/Normal-5865.png,Normal,Normal,0.05553573742508888,0.007672423031181097,0.936790943145752,9.325718224317825e-07,,,
/kaggle/input/datasets/tawsifurrahman/covid19-radiography-database/COVID-19_Radiography_Dataset/Normal/images/Normal-5866.png,Normal,Normal,0.045945797115564346,0.0011641435557976365,0.9528863430023193,3.651430915851961e-06,,0.6177994608879089,0.6177994608879089
/kaggle/input/datasets/tawsifurrahman/covid19-radiography-database/COVID-19_Radiography_Dataset/Normal/images/Normal-5872.png,Normal,Normal,0.00517895957455039,0.022843237966299057,0.9719638824462891,1.4031392311153468e-05,,,
/kaggle/input/datasets/tawsifurrahman/covid19-radiography-database/COVID-19_Radiography_Dataset/Normal/images/Normal-5876.png,Normal,Normal,0.029604708775877953,0.12440117448568344,0.8269179463386536,0.019076121971011162,,,
/kaggle/input/datasets/tawsifurrahman/covid19-radiography-database/COVID-19_Radiography_Dataset/Normal/images/Normal-5880.png,Normal,Normal,0.00039905006997287273,0.006276116706430912,0.9933238625526428,9.282745736527431e-07,,0.37887611985206604,0.37887611985206604
/kaggle/input/datasets/tawsifurrahman/covid19-radiography-database/COVID-19_Radiography_Dataset/Normal/images/Normal-5885.png,Normal,Normal,0.0005961682763881981,0.005471026990562677,0.99393230676651,4.596458609285037e-07,,,
/kaggle/input/datasets/tawsifurrahman/covid19-radiography-database/COVID-19_Radiography_Dataset/Normal/images/Normal-5886.png,Normal,Normal,0.00308129726909101,0.02197817713022232,0.9748991131782532,4.144810009165667e-05,,,
/kaggle/input/datasets/tawsifurrahman/covid19-radiography-database/COVID-19_Radiography_Dataset/Normal/images/Normal-5890.png,Normal,Normal,0.11698166280984879,0.014213570393621922,0.8685446381568909,0.0002602165623102337,,,
/kaggle/input/datasets/tawsifurrahman/covid19-radiography-database/COVID-19_Radiography_Dataset/Normal/images/Normal-5891.png,Normal,Normal,0.000343245395924896,0.0047779385931789875,0.9948768019676208,2.1069836293463595e-06,,,
/kaggle/input/datasets/tawsifurrahman/covid19-radiography-database/COVID-19_Radiography_Dataset/Normal/images/Normal-59.png,Normal,Normal,0.1946364939212799,0.011317645199596882,0.794017493724823,2.8405842385836877e-05,,,
/kaggle/input/datasets/tawsifurrahman/covid19-radiography-database/COVID-19_Radiography_Dataset/Normal/images/Normal-5901.png,Normal,Normal,0.0002129972563125193,0.03569766506552696,0.9640891551971436,2.6285863441444235e-07,,,
/kaggle/input/datasets/tawsifurrahman/covid19-radiography-database/COVID-19_Radiography_Dataset/Normal/images/Normal-5906.png,Normal,Normal,0.00032009382266551256,0.023753777146339417,0.9757601618766785,0.00016591194435022771,,0.45937588810920715,0.45937588810920715
/kaggle/input/datasets/tawsifurrahman/covid19-radiography-database/COVID-19_Radiography_Dataset/Normal/images/Normal-5911.png,Normal,COVID,0.5280698537826538,0.004180846735835075,0.4676307737827301,0.00011858306243084371,,0.4040139317512512,0.4040139317512512
/kaggle/input/datasets/tawsifurrahman/covid19-radiography-database/COVID-19_Radiography_Dataset/Normal/images/Normal-5923.png,Normal,Normal,0.21923354268074036,0.01610575243830681,0.764660656452179,1.0712260944956142e-07,,0.421358585357666,0.421358585357666
/kaggle/input/datasets/tawsifurrahman/covid19-radiography-database/COVID-19_Radiography_Dataset/Normal/images/Normal-5932.png,Normal,Normal,0.00036780795198865235,0.004149795975536108,0.9954758286476135,6.648829639743781e-06,,,
/kaggle/input/datasets/tawsifurrahman/covid19-radiography-database/COVID-19_Radiography_Dataset/Normal/images/Normal-5937.png,Normal,Normal,0.003975188359618187,0.014665891416370869,0.9813506603240967,8.267768862424418e-06,,0.43719375133514404,0.43719375133514404
/kaggle/input/datasets/tawsifurrahman/covid19-radiography-database/COVID-19_Radiography_Dataset/Normal/images/Normal-5945.png,Normal,Normal,0.0014875594060868025,0.014509296044707298,0.9840015172958374,1.663075295255112e-06,,,
/kaggle/input/datasets/tawsifurrahman/covid19-radiography-database/COVID-19_Radiography_Dataset/Normal/images/Normal-5951.png,Normal,Normal,0.012204384431242943,0.0009556299773976207,0.9868149757385254,2.501658491382841e-05,,,
/kaggle/input/datasets/tawsifurrahman/covid19-radiography-database/COVID-19_Radiography_Dataset/Normal/images/Normal-5956.png,Normal,Normal,0.03823298588395119,0.006602332927286625,0.954856276512146,0.0003083821793552488,,0.5883626937866211,0.5883626937866211
/kaggle/input/datasets/tawsifurrahman/covid19-radiography-database/COVID-19_Radiography_Dataset/Normal/images/Normal-596.png,Normal,Normal,0.007089991122484207,0.0011820957297459245,0.8835813403129578,0.10814663022756577,,,
/kaggle/input/datasets/tawsifurrahman/covid19-radiography-database/COVID-19_Radiography_Dataset/Normal/images/Normal-5967.png,Normal,Normal,5.2684237743960693e-05,0.3954026401042938,0.6044836640357971,6.105693319113925e-05,,,
/kaggle/input/datasets/tawsifurrahman/covid19-radiography-database/COVID-19_Radiography_Dataset/Normal/images/Normal-5972.png,Normal,Normal,1.3881382983527146e-05,0.010273812338709831,0.9897119998931885,2.1559822016570251e-07,,,
/kaggle/input/datasets/tawsifurrahman/covid19-radiography-database/COVID-19_Radiography_Dataset/Normal/images/Normal-5983.png,Normal,Normal,0.002471319865435362,0.008274944499135017,0.989248514175415,5.266708285489585e-06,,,
/kaggle/input/datasets/tawsifurrahman/covid19-radiography-database/COVID-19_Radiography_Dataset/Normal/images/Normal-5986.png,Normal,Normal,0.0023559427354484797,0.09207136183977127,0.9055202007293701,5.2470793889369816e-05,,0.225396066904068,0.225396066904068
/kaggle/input/datasets/tawsifurrahman/covid19-radiography-database/COVID-19_Radiography_Dataset/Normal/images/Normal-5990.png,Normal,Normal,0.10139019042253494,0.007680305279791355,0.8900632262229919,0.000866293499711901,,,
/kaggle/input/datasets/tawsifurrahman/covid19-radiography-database/COVID-19_Radiography_Dataset/Normal/images/Normal-5992.png,Normal,Normal,0.055804282426834106,0.000498008681461215,0.9436940550804138,3.640184786490863e-06,,,
/kaggle/input/datasets/tawsifurrahman/covid19-radiography-database/COVID-19_Radiography_Dataset/Normal/images/Normal-5999.png,Normal,Normal,0.0010941731743514538,0.027142778038978577,0.9684329628944397,0.0033300963696092367,,,
/kaggle/input/datasets/tawsifurrahman/covid19-radiography-database/COVID-19_Radiography_Dataset/Normal/images/Normal-600.png,Normal,Normal,0.002861202461645007,0.0015338013181462884,0.9950803518295288,0.0005246523069217801,,,
/kaggle/input/datasets/tawsifurrahman/covid19-radiography-database/COVID-19_Radiography_Dataset/Normal/images/Normal-6013.png,Normal,Normal,0.0004662430437747389,0.004396584816277027,0.9951371550559998,4.930103614242398e-08,,,
/kaggle/input/datasets/tawsifurrahman/covid19-radiography-database/COVID-19_Radiography_Dataset/Normal/images/Normal-6015.png,Normal,Normal,0.001240104204043746,0.04243281111121178,0.9562995433807373,2.754150227701757e-05,,,
/kaggle/input/datasets/tawsifurrahman/covid19-radiography-database/COVID-19_Radiography_Dataset/Normal/images/Normal-602.png,Normal,Normal,9.720671187096741e-06,0.0016671739285811782,0.5825916528701782,0.41573143005371094,,,
/kaggle/input/datasets/tawsifurrahman/covid19-radiography-database/COVID-19_Radiography_Dataset/Normal/images/Normal-6024.png,Normal,Normal,8.199171134037897e-05,0.026368197053670883,0.9735486507415771,1.2626329635168076e-06,,,
/kaggle/input/datasets/tawsifurrahman/covid19-radiography-database/COVID-19_Radiography_Dataset/Normal/images/Normal-6025.png,Normal,Normal,0.002356818411499262,0.0005075702210888267,0.9971354007720947,2.517589621220395e-07,,,
/kaggle/input/datasets/tawsifurrahman/covid19-radiography-database/COVID-19_Radiography_Dataset/Normal/images/Normal-6029.png,Normal,Normal,0.04919948801398277,0.0243089459836483,0.926482081413269,9.453360689803958e-06,,,
/kaggle/input/datasets/tawsifurrahman/covid19-radiography-database/COVID-19_Radiography_Dataset/Normal/images/Normal-6036.png,Normal,Normal,0.00012468382192309946,0.015401780605316162,0.9844733476638794,1.6275029679491126e-07,,0.3065100908279419,0.3065100908279419
/kaggle/input/datasets/tawsifurrahman/covid19-radiography-database/COVID-19_Radiography_Dataset/Normal/images/Normal-6047.png,Normal,COVID,0.6761274933815002,0.04198416322469711,0.2818762958049774,1.1979399459960405e-05,,0.4416702687740326,0.4416702687740326
/kaggle/input/datasets/tawsifurrahman/covid19-radiography-database/COVID-19_Radiography_Dataset/Normal/images/Normal-6050.png,Normal,Normal,0.009611627086997032,0.0022183640394359827,0.9881690740585327,8.371106900995073e-07,,0.35018250346183777,0.35018250346183777
/kaggle/input/datasets/tawsifurrahman/covid19-radiography-database/COVID-19_Radiography_Dataset/Normal/images/Normal-6051.png,Normal,Normal,0.002471814164891839,0.06119639798998833,0.9154117703437805,0.020920047536492348,,,
/kaggle/input/datasets/tawsifurrahman/covid19-radiography-database/COVID-19_Radiography_Dataset/Normal/images/Normal-6057.png,Normal,Normal,0.009061148390173912,0.014193404465913773,0.9767407178878784,4.7818316488701385e-06,,,
/kaggle/input/datasets/tawsifurrahman/covid19-radiography-database/COVID-19_Radiography_Dataset/Normal/images/Normal-6062.png,Normal,Normal,0.14494217932224274,0.043505050241947174,0.8115277886390686,2.4950953957159072e-05,,,
/kaggle/input/datasets/tawsifurrahman/covid19-radiography-database/COVID-19_Radiography_Dataset/Normal/images/Normal-6067.png,Normal,Normal,0.001541327452287078,0.07163736969232559,0.9268202185630798,1.1423762771300972e-06,,0.5420676469802856,0.5420676469802856
/kaggle/input/datasets/tawsifurrahman/covid19-radiography-database/COVID-19_Radiography_Dataset/Normal/images/Normal-6068.png,Normal,Normal,0.01265790220350027,0.010289805009961128,0.9770431518554688,9.184489499602932e-06,,0.5598104000091553,0.5598104000091553
/kaggle/input/datasets/tawsifurrahman/covid19-radiography-database/COVID-19_Radiography_Dataset/Normal/images/Normal-6072.png,Normal,Lung_Opacity,7.633243512827903e-06,0.5309118628501892,0.46907931566238403,1.2288838888707687e-06,,,
/kaggle/input/datasets/tawsifurrahman/covid19-radiography-database/COVID-19_Radiography_Dataset/Normal/images/Normal-6079.png,Normal,Normal,7.076864130795002e-05,0.01649310253560543,0.9834356904029846,4.4227215312275803e-07,,,
/kaggle/input/datasets/tawsifurrahman/covid19-radiography-database/COVID-19_Radiography_Dataset/Normal/images/Normal-608.png,Normal,Normal,2.1139678210602142e-05,8.620042353868484e-05,0.9931833148002625,0.006709250621497631,,,
/kaggle/input/datasets/tawsifurrahman/covid19-radiography-database/COVID-19_Radiography_Dataset/Normal/images/Normal-6091.png,Normal,Normal,0.03795032203197479,0.07602270692586899,0.8860150575637817,1.1849130714836065e-05,,,
/kaggle/input/datasets/tawsifurrahman/covid19-radiography-database/COVID-19_Radiography_Dataset/Normal/images/Normal-6093.png,Normal,Normal,0.3934909701347351,0.005385627504438162,0.6010752320289612,4.8163066821871325e-05,,0.49370357394218445,0.49370357394218445
/kaggle/input/datasets/tawsifurrahman/covid19-radiography-database/COVID-19_Radiography_Dataset/Normal/images/Normal-6095.png,Normal,Normal,0.0009809979237616062,0.001237822463735938,0.9977734684944153,7.644916877325159e-06,,,
/kaggle/input/datasets/tawsifurrahman/covid19-radiography-database/COVID-19_Radiography_Dataset/Normal/images/Normal-61.png,Normal,Normal,1.5133282431634143e-05,0.004420335404574871,0.9955635070800781,9.288834235121612e-07,,,
/kaggle/input/datasets/tawsifurrahman/covid19-radiography-database/COVID-19_Radiography_Dataset/Normal/images/Normal-611.png,Normal,Normal,0.0008324249647557735,1.951073318195995e-05,0.9975040555000305,0.0016440406907349825,,,
/kaggle/input/datasets/tawsifurrahman/covid19-radiography-database/COVID-19_Radiography_Dataset/Normal/images/Normal-6110.png,Normal,Normal,0.038255296647548676,0.028856558725237846,0.9314842224121094,0.0014038952067494392,,,
/kaggle/input/datasets/tawsifurrahman/covid19-radiography-database/COVID-19_Radiography_Dataset/Normal/images/Normal-6113.png,Normal,Normal,4.1806652006926015e-06,0.0006392371724359691,0.9993565678596497,2.366989271251896e-08,,,
/kaggle/input/datasets/tawsifurrahman/covid19-radiography-database/COVID-19_Radiography_Dataset/Normal/images/Normal-6116.png,Normal,Normal,0.00011984262528130785,0.04019772633910179,0.9596402645111084,4.217123205307871e-05,,,
/kaggle/input/datasets/tawsifurrahman/covid19-radiography-database/COVID-19_Radiography_Dataset/Normal/images/Normal-6117.png,Normal,Normal,0.00020010546722915024,0.014193975366652012,0.9856054186820984,5.554333597501682e-07,,,
/kaggle/input/datasets/tawsifurrahman/covid19-radiography-database/COVID-19_Radiography_Dataset/Normal/images/Normal-6131.png,Normal,Normal,1.9375382180442102e-05,0.001617665751837194,0.9983629584312439,2.3511439906087617e-08,,0.5519004464149475,0.5519004464149475
/kaggle/input/datasets/tawsifurrahman/covid19-radiography-database/COVID-19_Radiography_Dataset/Normal/images/Normal-6132.png,Normal,Normal,0.0003648722486104816,0.09923526644706726,0.9003961086273193,3.816108801402152e-06,,0.46891120076179504,0.46891120076179504
/kaggle/input/datasets/tawsifurrahman/covid19-radiography-database/COVID-19_Radiography_Dataset/Normal/images/Normal-6134.png,Normal,Normal,0.0011105204466730356,0.0023329281248152256,0.9965237975120544,3.271440073149279e-05,,0.580036461353302,0.580036461353302
/kaggle/input/datasets/tawsifurrahman/covid19-radiography-database/COVID-19_Radiography_Dataset/Normal/images/Normal-6136.png,Normal,Normal,0.08749998360872269,0.06684066355228424,0.8456470966339111,1.227596658281982e-05,,,
/kaggle/input/datasets/tawsifurrahman/covid19-radiography-database/COVID-19_Radiography_Dataset/Normal/images/Normal-6145.png,Normal,Normal,0.007356529589742422,0.003157051745802164,0.9894862174987793,1.4427924099891243e-07,,,
/kaggle/input/datasets/tawsifurrahman/covid19-radiography-database/COVID-19_Radiography_Dataset/Normal/images/Normal-6148.png,Normal,Normal,0.0008636878919787705,0.007258052472025156,0.9918028712272644,7.543323590653017e-05,,,
/kaggle/input/datasets/tawsifurrahman/covid19-radiography-database/COVID-19_Radiography_Dataset/Normal/images/Normal-6163.png,Normal,Normal,0.011118707247078419,0.005096583627164364,0.9837756752967834,8.944646651798394e-06,,,
/kaggle/input/datasets/tawsifurrahman/covid19-radiography-database/COVID-19_Radiography_Dataset/Normal/images/Normal-6167.png,Normal,Normal,0.0005386308184824884,0.00046902286703698337,0.9989921450614929,1.3417910338375805e-07,,,
/kaggle/input/datasets/tawsifurrahman/covid19-radiography-database/COVID-19_Radiography_Dataset/Normal/images/Normal-6168.png,Normal,Normal,1.193834214063827e-05,0.01572331413626671,0.984264612197876,1.2861228526617197e-07,,,
/kaggle/input/datasets/tawsifurrahman/covid19-radiography-database/COVID-19_Radiography_Dataset/Normal/images/Normal-617.png,Normal,Normal,9.581005542713683e-06,3.9653237763559446e-05,0.9997186064720154,0.0002322412037756294,,,
/kaggle/input/datasets/tawsifurrahman/covid19-radiography-database/COVID-19_Radiography_Dataset/Normal/images/Normal-6175.png,Normal,Normal,0.0007923594093881547,0.24831198155879974,0.7454188466072083,0.005476845894008875,,,
/kaggle/input/datasets/tawsifurrahman/covid19-radiography-database/COVID-19_Radiography_Dataset/Normal/images/Normal-6185.png,Normal,Normal,0.020120399072766304,0.026856662705540657,0.9529585242271423,6.434180977521464e-05,,,
/kaggle/input/datasets/tawsifurrahman/covid19-radiography-database/COVID-19_Radiography_Dataset/Normal/images/Normal-6187.png,Normal,Normal,0.00011294407158857211,0.012201986275613308,0.987650990486145,3.407063923077658e-05,,0.3612007200717926,0.3612007200717926
/kaggle/input/datasets/tawsifurrahman/covid19-radiography-database/COVID-19_Radiography_Dataset/Normal/images/Normal-6193.png,Normal,Normal,0.19548985362052917,0.007537112571299076,0.7969673275947571,5.68769110032008e-06,,,
/kaggle/input/datasets/tawsifurrahman/covid19-radiography-database/COVID-19_Radiography_Dataset/Normal/images/Normal-6196.png,Normal,Normal,0.012794353999197483,0.004646995570510626,0.9825398921966553,1.8802382328431122e-05,,0.48204338550567627,0.48204338550567627
/kaggle/input/datasets/tawsifurrahman/covid19-radiography-database/COVID-19_Radiography_Dataset/Normal/images/Normal-620.png,Normal,Normal,0.0007038259063847363,0.0002985383616760373,0.9983698725700378,0.0006277096690610051,,,
/kaggle/input/datasets/tawsifurrahman/covid19-radiography-database/COVID-19_Radiography_Dataset/Normal/images/Normal-6200.png,Normal,Normal,0.006210462190210819,0.1877836287021637,0.8031703233718872,0.0028356313705444336,,0.23337940871715546,0.23337940871715546
/kaggle/input/datasets/tawsifurrahman/covid19-radiography-database/COVID-19_Radiography_Dataset/Normal/images/Normal-6203.png,Normal,Normal,0.005377075634896755,0.019598739221692085,0.974850058555603,0.0001740792067721486,,,
/kaggle/input/datasets/tawsifurrahman/covid19-radiography-database/COVID-19_Radiography_Dataset/Normal/images/Normal-6204.png,Normal,Normal,0.03048405610024929,0.044629499316215515,0.9248853921890259,1.0658275186870014e-06,,,
/kaggle/input/datasets/tawsifurrahman/covid19-radiography-database/COVID-19_Radiography_Dataset/Normal/images/Normal-6214.png,Normal,Normal,0.019009191542863846,0.05398570001125336,0.9269984364509583,6.698062861687504e-06,,0.5102707147598267,0.5102707147598267
/kaggle/input/datasets/tawsifurrahman/covid19-radiography-database/COVID-19_Radiography_Dataset/Normal/images/Normal-6225.png,Normal,Normal,0.013761295937001705,0.06693720817565918,0.9173479676246643,0.0019535061437636614,,,
/kaggle/input/datasets/tawsifurrahman/covid19-radiography-database/COVID-19_Radiography_Dataset/Normal/images/Normal-623.png,Normal,Normal,0.0014670982491225004,0.0003214278840459883,0.9967700242996216,0.0014414783800020814,,,
/kaggle/input/datasets/tawsifurrahman/covid19-radiography-database/COVID-19_Radiography_Dataset/Normal/images/Normal-6234.png,Normal,Normal,0.00014787096006330103,0.009595450945198536,0.9902511835098267,5.498564405570505e-06,,,
/kaggle/input/datasets/tawsifurrahman/covid19-radiography-database/COVID-19_Radiography_Dataset/Normal/images/Normal-6244.png,Normal,Normal,0.0005718310130760074,0.006783667951822281,0.9926401972770691,4.2764045247167815e-06,,,
/kaggle/input/datasets/tawsifurrahman/covid19-radiography-database/COVID-19_Radiography_Dataset/Normal/images/Normal-6248.png,Normal,Normal,0.0001782775070751086,0.04547952488064766,0.9543219208717346,2.032445809163619e-05,,,
/kaggle/input/datasets/tawsifurrahman/covid19-radiography-database/COVID-19_Radiography_Dataset/Normal/images/Normal-6249.png,Normal,Normal,0.0031903106719255447,0.001323876902461052,0.9954857230186462,7.13587624545653e-08,,,
/kaggle/input/datasets/tawsifurrahman/covid19-radiography-database/COVID-19_Radiography_Dataset/Normal/images/Normal-6255.png,Normal,Normal,0.0028721557464450598,0.011020603589713573,0.9860982894897461,8.981834980659187e-06,,,
/kaggle/input/datasets/tawsifurrahman/covid19-radiography-database/COVID-19_Radiography_Dataset/Normal/images/Normal-6256.png,Normal,Normal,0.0006580757908523083,0.03173289820551872,0.9676069021224976,2.172616405005101e-06,,0.5145082473754883,0.5145082473754883
/kaggle/input/datasets/tawsifurrahman/covid19-radiography-database/COVID-19_Radiography_Dataset/Normal/images/Normal-6259.png,Normal,Normal,0.002626170637086034,0.016194596886634827,0.9811697602272034,9.391383173351642e-06,,,
/kaggle/input/datasets/tawsifurrahman/covid19-radiography-database/COVID-19_Radiography_Dataset/Normal/images/Normal-6263.png,Normal,Normal,0.00013520526408683509,0.00422283262014389,0.9955189228057861,0.00012306917051319033,,0.39165493845939636,0.39165493845939636
/kaggle/input/datasets/tawsifurrahman/covid19-radiography-database/COVID-19_Radiography_Dataset/Normal/images/Normal-6264.png,Normal,Normal,0.0033685117959976196,0.03210129216313362,0.9644889831542969,4.1232600779039785e-05,,,
/kaggle/input/datasets/tawsifurrahman/covid19-radiography-database/COVID-19_Radiography_Dataset/Normal/images/Normal-6265.png,Normal,Normal,0.002097239950671792,0.11015721410512924,0.8877441883087158,1.3267546137285535e-06,,,
/kaggle/input/datasets/tawsifurrahman/covid19-radiography-database/COVID-19_Radiography_Dataset/Normal/images/Normal-6269.png,Normal,Normal,0.003681490896269679,0.30081209540367126,0.6955051422119141,1.294662979489658e-06,,,
/kaggle/input/datasets/tawsifurrahman/covid19-radiography-database/COVID-19_Radiography_Dataset/Normal/images/Normal-6270.png,Normal,Normal,0.0012716767378151417,0.06028241664171219,0.9384294748306274,1.6426771253463812e-05,,,
/kaggle/input/datasets/tawsifurrahman/covid19-radiography-database/COVID-19_Radiography_Dataset/Normal/images/Normal-628.png,Normal,Normal,2.0825707906624302e-05,1.2124658496759366e-05,0.9999353885650635,3.16210207529366e-05,,,
/kaggle/input/datasets/tawsifurrahman/covid19-radiography-database/COVID-19_Radiography_Dataset/Normal/images/Normal-6295.png,Normal,Normal,0.03431067243218422,0.11928795278072357,0.8463013172149658,0.00010008039680542424,,,
/kaggle/input/datasets/tawsifurrahman/covid19-radiography-database/COVID-19_Radiography_Dataset/Normal/images/Normal-63.png,Normal,Normal,2.9515378628275357e-05,0.001229710760526359,0.9972153902053833,0.0015254003228619695,,,
/kaggle/input/datasets/tawsifurrahman/covid19-radiography-database/COVID-19_Radiography_Dataset/Normal/images/Normal-6311.png,Normal,Normal,0.00756548997014761,0.019633978605270386,0.971721887588501,0.0010785916820168495,,,
/kaggle/input/datasets/tawsifurrahman/covid19-radiography-database/COVID-19_Radiography_Dataset/Normal/images/Normal-6316.png,Normal,Normal,0.010237595066428185,0.02338520810008049,0.9663553237915039,2.1833848222740926e-05,,,
/kaggle/input/datasets/tawsifurrahman/covid19-radiography-database/COVID-19_Radiography_Dataset/Normal/images/Normal-6318.png,Normal,Normal,0.00047209704644046724,0.008679256774485111,0.9908484220504761,1.7866499035790184e-07,,,
/kaggle/input/datasets/tawsifurrahman/covid19-radiography-database/COVID-19_Radiography_Dataset/Normal/images/Normal-6323.png,Normal,Normal,0.0005764913512393832,0.015478027984499931,0.9839404821395874,5.0028452278638724e-06,,,
/kaggle/input/datasets/tawsifurrahman/covid19-radiography-database/COVID-19_Radiography_Dataset/Normal/images/Normal-634.png,Normal,Normal,2.0917892470606603e-05,4.175194408162497e-05,0.9990205764770508,0.0009167081443592906,,,
/kaggle/input/datasets/tawsifurrahman/covid19-radiography-database/COVID-19_Radiography_Dataset/Normal/images/Normal-6341.png,Normal,Normal,8.715994044905528e-05,0.21316123008728027,0.7866304516792297,0.00012121623149141669,,0.21699458360671997,0.21699458360671997
/kaggle/input/datasets/tawsifurrahman/covid19-radiography-database/COVID-19_Radiography_Dataset/Normal/images/Normal-6343.png,Normal,Normal,0.002264284063130617,0.0406331941485405,0.9570943117141724,8.244024684245232e-06,,,
/kaggle/input/datasets/tawsifurrahman/covid19-radiography-database/COVID-19_Radiography_Dataset/Normal/images/Normal-6355.png,Normal,Normal,5.140591747476719e-05,0.0013748006895184517,0.9985733032226562,5.070294832876243e-07,,,
/kaggle/input/datasets/tawsifurrahman/covid19-radiography-database/COVID-19_Radiography_Dataset/Normal/images/Normal-6366.png,Normal,Normal,9.42708629736444e-06,0.0018612075364217162,0.9981189370155334,1.0482319339644164e-05,,,
/kaggle/input/datasets/tawsifurrahman/covid19-radiography-database/COVID-19_Radiography_Dataset/Normal/images/Normal-6367.png,Normal,Normal,0.0021985045168548822,0.000803329807240516,0.996997594833374,5.565783567362814e-07,,,
/kaggle/input/datasets/tawsifurrahman/covid19-radiography-database/COVID-19_Radiography_Dataset/Normal/images/Normal-6368.png,Normal,Normal,0.002093155402690172,0.3139508366584778,0.6839537024497986,2.3044765384838684e-06,,,
/kaggle/input/datasets/tawsifurrahman/covid19-radiography-database/COVID-19_Radiography_Dataset/Normal/images/Normal-6369.png,Normal,Normal,0.30074620246887207,0.027038056403398514,0.6722078323364258,7.955073670018464e-06,,0.44309747219085693,0.44309747219085693
/kaggle/input/datasets/tawsifurrahman/covid19-radiography-database/COVID-19_Radiography_Dataset/Normal/images/Normal-6372.png,Normal,Normal,0.00013004051288589835,0.06240344047546387,0.9370353817939758,0.00043109955731779337,,,
/kaggle/input/datasets/tawsifurrahman/covid19-radiography-database/COVID-19_Radiography_Dataset/Normal/images/Normal-6378.png,Normal,Normal,0.0004255251260474324,0.00482972664758563,0.9947443008422852,5.138755909683823e-07,,,
/kaggle/input/datasets/tawsifurrahman/covid19-radiography-database/COVID-19_Radiography_Dataset/Normal/images/Normal-6379.png,Normal,Normal,0.0004802927142009139,0.17925108969211578,0.8202270269393921,4.157465082244016e-05,,,
/kaggle/input/datasets/tawsifurrahman/covid19-radiography-database/COVID-19_Radiography_Dataset/Normal/images/Normal-6380.png,Normal,Normal,0.000328607129631564,0.049822863191366196,0.9498435854911804,4.926522251480492e-06,,,
/kaggle/input/datasets/tawsifurrahman/covid19-radiography-database/COVID-19_Radiography_Dataset/Normal/images/Normal-6384.png,Normal,Normal,0.0014484666753560305,0.019589141011238098,0.9789556264877319,6.711756668664748e-06,,,
/kaggle/input/datasets/tawsifurrahman/covid19-radiography-database/COVID-19_Radiography_Dataset/Normal/images/Normal-6394.png,Normal,COVID,0.566015362739563,0.05304999649524689,0.3809332549571991,1.3573366004493437e-06,,,
/kaggle/input/datasets/tawsifurrahman/covid19-radiography-database/COVID-19_Radiography_Dataset/Normal/images/Normal-6395.png,Normal,Normal,0.08110217750072479,0.011193562299013138,0.9075986742973328,0.00010560808732407168,,0.4634014368057251,0.4634014368057251
/kaggle/input/datasets/tawsifurrahman/covid19-radiography-database/COVID-19_Radiography_Dataset/Normal/images/Normal-640.png,Normal,Viral Pneumonia,3.762655978789553e-05,0.012654988095164299,0.2524716258049011,0.7348357439041138,,,
/kaggle/input/datasets/tawsifurrahman/covid19-radiography-database/COVID-19_Radiography_Dataset/Normal/images/Normal-6409.png,Normal,Normal,0.012518550269305706,0.02201501652598381,0.9654660224914551,4.317340369652811e-07,,,
/kaggle/input/datasets/tawsifurrahman/covid19-radiography-database/COVID-19_Radiography_Dataset/Normal/images/Normal-6411.png,Normal,Normal,0.20373935997486115,0.0778767317533493,0.7182415127754211,0.0001424095535185188,,0.3445667624473572,0.3445667624473572
/kaggle/input/datasets/tawsifurrahman/covid19-radiography-database/COVID-19_Radiography_Dataset/Normal/images/Normal-6412.png,Normal,Normal,0.0024413925129920244,0.0162148866802454,0.9809496998786926,0.0003939873131457716,,,
/kaggle/input/datasets/tawsifurrahman/covid19-radiography-database/COVID-19_Radiography_Dataset/Normal/images/Normal-6433.png,Normal,Normal,0.09263842552900314,0.05080387368798256,0.8564909100532532,6.687248969683424e-05,,,
/kaggle/input/datasets/tawsifurrahman/covid19-radiography-database/COVID-19_Radiography_Dataset/Normal/images/Normal-645.png,Normal,Normal,0.0008775634341873229,0.0035451105795800686,0.9943817257881165,0.0011956278467550874,,,
/kaggle/input/datasets/tawsifurrahman/covid19-radiography-database/COVID-19_Radiography_Dataset/Normal/images/Normal-6450.png,Normal,Normal,2.7133133698953316e-05,0.018241869285702705,0.9817309379577637,4.110480489316615e-08,,,
/kaggle/input/datasets/tawsifurrahman/covid19-radiography-database/COVID-19_Radiography_Dataset/Normal/images/Normal-6455.png,Normal,Normal,2.5742316211108118e-05,0.0009626493556424975,0.9990066885948181,4.963705578120425e-06,,,
/kaggle/input/datasets/tawsifurrahman/covid19-radiography-database/COVID-19_Radiography_Dataset/Normal/images/Normal-6462.png,Normal,Normal,0.054150473326444626,0.009413301013410091,0.9363725781440735,6.362886051647365e-05,,,
/kaggle/input/datasets/tawsifurrahman/covid19-radiography-database/COVID-19_Radiography_Dataset/Normal/images/Normal-6463.png,Normal,Normal,2.4088714781100862e-05,0.007601611781865358,0.9923741221427917,9.727217786803521e-08,,0.521827220916748,0.521827220916748
/kaggle/input/datasets/tawsifurrahman/covid19-radiography-database/COVID-19_Radiography_Dataset/Normal/images/Normal-6472.png,Normal,Normal,0.0015799946850165725,0.06755802035331726,0.930861234664917,8.139977580867708e-07,,0.23295660316944122,0.23295660316944122
/kaggle/input/datasets/tawsifurrahman/covid19-radiography-database/COVID-19_Radiography_Dataset/Normal/images/Normal-6475.png,Normal,Normal,0.013098187744617462,0.06546451151371002,0.9214144945144653,2.2766360416426323e-05,,,
/kaggle/input/datasets/tawsifurrahman/covid19-radiography-database/COVID-19_Radiography_Dataset/Normal/images/Normal-6480.png,Normal,Normal,0.0032534950878471136,0.001542049809359014,0.9952040910720825,3.9366724990941293e-07,,,
/kaggle/input/datasets/tawsifurrahman/covid19-radiography-database/COVID-19_Radiography_Dataset/Normal/images/Normal-6484.png,Normal,Normal,0.02319333329796791,0.42525607347488403,0.5512643456459045,0.0002862964174710214,,,
/kaggle/input/datasets/tawsifurrahman/covid19-radiography-database/COVID-19_Radiography_Dataset/Normal/images/Normal-649.png,Normal,Normal,0.0003607310354709625,0.00023467776190955192,0.998670220375061,0.0007343838806264102,,,
/kaggle/input/datasets/tawsifurrahman/covid19-radiography-database/COVID-19_Radiography_Dataset/Normal/images/Normal-6495.png,Normal,Normal,0.0003524275089148432,0.0025597685016691685,0.9970877766609192,6.423162091095946e-08,,0.5117039084434509,0.5117039084434509
/kaggle/input/datasets/tawsifurrahman/covid19-radiography-database/COVID-19_Radiography_Dataset/Normal/images/Normal-650.png,Normal,Normal,0.0642382875084877,0.011942664161324501,0.9230204224586487,0.0007987256394699216,,,
/kaggle/input/datasets/tawsifurrahman/covid19-radiography-database/COVID-19_Radiography_Dataset/Normal/images/Normal-6504.png,Normal,Normal,0.00010556393681326881,0.056174665689468384,0.9437187314033508,1.0466474122949876e-06,,,
/kaggle/input/datasets/tawsifurrahman/covid19-radiography-database/COVID-19_Radiography_Dataset/Normal/images/Normal-6529.png,Normal,Normal,0.06778085231781006,0.007377341389656067,0.9248318672180176,9.924130608851556e-06,,,
/kaggle/input/datasets/tawsifurrahman/covid19-radiography-database/COVID-19_Radiography_Dataset/Normal/images/Normal-6534.png,Normal,Normal,0.06875327229499817,0.03801703080534935,0.8931844830513,4.5192176912678406e-05,,,
/kaggle/input/datasets/tawsifurrahman/covid19-radiography-database/COVID-19_Radiography_Dataset/Normal/images/Normal-6535.png,Normal,Normal,0.0009845045860856771,0.004527000244706869,0.9944871068000793,1.4148615719022928e-06,,,
/kaggle/input/datasets/tawsifurrahman/covid19-radiography-database/COVID-19_Radiography_Dataset/Normal/images/Normal-6541.png,Normal,Normal,0.010329280979931355,0.10913275927305222,0.8796944618225098,0.0008434896008111537,,,
/kaggle/input/datasets/tawsifurrahman/covid19-radiography-database/COVID-19_Radiography_Dataset/Normal/images/Normal-6549.png,Normal,Normal,0.018700186163187027,0.16448400914669037,0.8167049288749695,0.00011089372128481045,,,
/kaggle/input/datasets/tawsifurrahman/covid19-radiography-database/COVID-19_Radiography_Dataset/Normal/images/Normal-6550.png,Normal,Normal,1.6854810382938012e-06,0.0038042450323700905,0.9961938858032227,2.175921309799378e-07,,,
/kaggle/input/datasets/tawsifurrahman/covid19-radiography-database/COVID-19_Radiography_Dataset/Normal/images/Normal-6567.png,Normal,Normal,0.0006799476686865091,0.004330786410719156,0.994983434677124,5.7693146118253935e-06,,,
/kaggle/input/datasets/tawsifurrahman/covid19-radiography-database/COVID-19_Radiography_Dataset/Normal/images/Normal-658.png,Normal,Normal,0.0017908934969455004,0.0009240615763701499,0.9954220652580261,0.0018629656406119466,,,
/kaggle/input/datasets/tawsifurrahman/covid19-radiography-database/COVID-19_Radiography_Dataset/Normal/images/Normal-6581.png,Normal,Normal,0.0009764654678292572,0.003325242782011628,0.9956976175308228,5.845893724654161e-07,,,
/kaggle/input/datasets/tawsifurrahman/covid19-radiography-database/COVID-19_Radiography_Dataset/Normal/images/Normal-6584.png,Normal,Normal,0.002135263988748193,0.18667645752429962,0.8110572099685669,0.0001310451771132648,,0.5008409023284912,0.5008409023284912
/kaggle/input/datasets/tawsifurrahman/covid19-radiography-database/COVID-19_Radiography_Dataset/Normal/images/Normal-6589.png,Normal,Normal,0.004377156496047974,0.01007001381367445,0.9855518341064453,9.443177191315044e-07,,,
/kaggle/input/datasets/tawsifurrahman/covid19-radiography-database/COVID-19_Radiography_Dataset/Normal/images/Normal-6591.png,Normal,Normal,0.01853126287460327,0.03525111451745033,0.946077287197113,0.00014025851851329207,,0.34963762760162354,0.34963762760162354
/kaggle/input/datasets/tawsifurrahman/covid19-radiography-database/COVID-19_Radiography_Dataset/Normal/images/Normal-6596.png,Normal,Normal,0.002781418152153492,0.030087489634752274,0.9670725464820862,5.852912363479845e-05,,,
/kaggle/input/datasets/tawsifurrahman/covid19-radiography-database/COVID-19_Radiography_Dataset/Normal/images/Normal-6608.png,Normal,Normal,0.00549656106159091,0.00420896802097559,0.9902944564819336,2.354333084042537e-08,,,
/kaggle/input/datasets/tawsifurrahman/covid19-radiography-database/COVID-19_Radiography_Dataset/Normal/images/Normal-6611.png,Normal,Normal,0.0003875733236782253,0.0012658670311793685,0.9983439445495605,2.6140385216422146e-06,,,
/kaggle/input/datasets/tawsifurrahman/covid19-radiography-database/COVID-19_Radiography_Dataset/Normal/images/Normal-6613.png,Normal,Normal,3.2169311452889815e-05,0.0022589699365198612,0.9977080821990967,7.75879755110509e-07,,,
/kaggle/input/datasets/tawsifurrahman/covid19-radiography-database/COVID-19_Radiography_Dataset/Normal/images/Normal-6619.png,Normal,Normal,9.198943735100329e-05,0.09899555146694183,0.9009122848510742,6.219276116326e-08,,,
/kaggle/input/datasets/tawsifurrahman/covid19-radiography-database/COVID-19_Radiography_Dataset/Normal/images/Normal-6627.png,Normal,Normal,0.03876659274101257,0.17424720525741577,0.7869401574134827,4.612969496520236e-05,,0.487702876329422,0.487702876329422
/kaggle/input/datasets/tawsifurrahman/covid19-radiography-database/COVID-19_Radiography_Dataset/Normal/images/Normal-663.png,Normal,Normal,0.00047108158469200134,0.00034303698339499533,0.9896401762962341,0.00954564567655325,,,
/kaggle/input/datasets/tawsifurrahman/covid19-radiography-database/COVID-19_Radiography_Dataset/Normal/images/Normal-6630.png,Normal,Normal,1.85037079063477e-05,0.023351185023784637,0.9766092896461487,2.1045556422905065e-05,,,
/kaggle/input/datasets/tawsifurrahman/covid19-radiography-database/COVID-19_Radiography_Dataset/Normal/images/Normal-6632.png,Normal,Normal,0.0003701451059896499,0.005192558281123638,0.9944372177124023,7.414372049652229e-08,,,
/kaggle/input/datasets/tawsifurrahman/covid19-radiography-database/COVID-19_Radiography_Dataset/Normal/images/Normal-6634.png,Normal,Normal,0.04470856487751007,0.004867420066148043,0.9504151940345764,8.8619563030079e-06,,,
/kaggle/input/datasets/tawsifurrahman/covid19-radiography-database/COVID-19_Radiography_Dataset/Normal/images/Normal-6637.png,Normal,Normal,0.0006919947918504477,0.0010209581814706326,0.9971907734870911,0.0010963167296722531,,,
/kaggle/input/datasets/tawsifurrahman/covid19-radiography-database/COVID-19_Radiography_Dataset/Normal/images/Normal-6640.png,Normal,Normal,7.746020855847746e-05,0.024762343615293503,0.975119411945343,4.086805711267516e-05,,,
/kaggle/input/datasets/tawsifurrahman/covid19-radiography-database/COVID-19_Radiography_Dataset/Normal/images/Normal-6653.png,Normal,Normal,0.0006529923994094133,0.11551889032125473,0.8838252425193787,2.804405767165008e-06,,,
/kaggle/input/datasets/tawsifurrahman/covid19-radiography-database/COVID-19_Radiography_Dataset/Normal/images/Normal-6662.png,Normal,Normal,0.00033307773992419243,0.04975790157914162,0.9499000310897827,9.064609002962243e-06,,,
/kaggle/input/datasets/tawsifurrahman/covid19-radiography-database/COVID-19_Radiography_Dataset/Normal/images/Normal-6680.png,Normal,Normal,0.2286500334739685,0.01703057810664177,0.75431227684021,7.153677870519459e-06,,0.4012399911880493,0.4012399911880493
/kaggle/input/datasets/tawsifurrahman/covid19-radiography-database/COVID-19_Radiography_Dataset/Normal/images/Normal-6682.png,Normal,Normal,0.1852150708436966,0.007186377886682749,0.8075859546661377,1.2521568351075985e-05,,,
/kaggle/input/datasets/tawsifurrahman/covid19-radiography-database/COVID-19_Radiography_Dataset/Normal/images/Normal-6688.png,Normal,Normal,0.01221200916916132,0.005579303950071335,0.982205331325531,3.3326903121633222e-06,,,
/kaggle/input/datasets/tawsifurrahman/covid19-radiography-database/COVID-19_Radiography_Dataset/Normal/images/Normal-6689.png,Normal,Normal,2.7281203074380755e-05,0.00323717063292861,0.996735155582428,2.9683951652259566e-07,,,
/kaggle/input/datasets/tawsifurrahman/covid19-radiography-database/COVID-19_Radiography_Dataset/Normal/images/Normal-6696.png,Normal,Normal,0.00045222873450256884,0.011144629679620266,0.9877597689628601,0.0006433530943468213,,0.3378095328807831,0.3378095328807831
/kaggle/input/datasets/tawsifurrahman/covid19-radiography-database/COVID-19_Radiography_Dataset/Normal/images/Normal-6703.png,Normal,Normal,0.0020043428521603346,0.025778265669941902,0.9722169637680054,3.881976908814977e-07,,0.32391613721847534,0.32391613721847534
/kaggle/input/datasets/tawsifurrahman/covid19-radiography-database/COVID-19_Radiography_Dataset/Normal/images/Normal-671.png,Normal,Normal,8.412532770307735e-05,0.0002943967410828918,0.9991636276245117,0.0004578561056405306,,0.21257896721363068,0.21257896721363068
/kaggle/input/datasets/tawsifurrahman/covid19-radiography-database/COVID-19_Radiography_Dataset/Normal/images/Normal-6720.png,Normal,Normal,0.00034059229074046016,0.0028935756999999285,0.9967340230941772,3.1869683880358934e-05,,0.5667809844017029,0.5667809844017029
/kaggle/input/datasets/tawsifurrahman/covid19-radiography-database/COVID-19_Radiography_Dataset/Normal/images/Normal-673.png,Normal,Normal,1.8280692529515363e-05,0.0004435757000464946,0.9980487823486328,0.001489268965087831,,,
/kaggle/input/datasets/tawsifurrahman/covid19-radiography-database/COVID-19_Radiography_Dataset/Normal/images/Normal-6743.png,Normal,Normal,0.20005586743354797,0.0012409749906510115,0.798701286315918,1.8027113810603623e-06,,,
/kaggle/input/datasets/tawsifurrahman/covid19-radiography-database/COVID-19_Radiography_Dataset/Normal/images/Normal-6745.png,Normal,Normal,0.0010532413143664598,0.0036823467817157507,0.9952598214149475,4.5837641664547846e-06,,,
/kaggle/input/datasets/tawsifurrahman/covid19-radiography-database/COVID-19_Radiography_Dataset/Normal/images/Normal-6746.png,Normal,Normal,0.000585027679335326,0.005830314941704273,0.9935824275016785,2.2650574464933015e-06,,,
/kaggle/input/datasets/tawsifurrahman/covid19-radiography-database/COVID-19_Radiography_Dataset/Normal/images/Normal-6747.png,Normal,Normal,2.119762029906269e-05,0.004394025541841984,0.9955846667289734,1.175474437786761e-07,,,
/kaggle/input/datasets/tawsifurrahman/covid19-radiography-database/COVID-19_Radiography_Dataset/Normal/images/Normal-6760.png,Normal,Normal,1.3286795365274884e-05,0.003593800589442253,0.9963929057121277,6.088177961771635e-09,,,
/kaggle/input/datasets/tawsifurrahman/covid19-radiography-database/COVID-19_Radiography_Dataset/Normal/images/Normal-6761.png,Normal,Normal,0.0015325864078477025,0.013909715227782726,0.9843393564224243,0.00021836729138158262,,,
/kaggle/input/datasets/tawsifurrahman/covid19-radiography-database/COVID-19_Radiography_Dataset/Normal/images/Normal-6775.png,Normal,Normal,3.659227877506055e-05,0.0025929431430995464,0.997329592704773,4.079505379195325e-05,,0.5264460444450378,0.5264460444450378
/kaggle/input/datasets/tawsifurrahman/covid19-radiography-database/COVID-19_Radiography_Dataset/Normal/images/Normal-678.png,Normal,Normal,0.0002836824278347194,0.00027261083596386015,0.9934666752815247,0.005977057386189699,,0.27870890498161316,0.27870890498161316
/kaggle/input/datasets/tawsifurrahman/covid19-radiography-database/COVID-19_Radiography_Dataset/Normal/images/Normal-6780.png,Normal,Normal,1.835816328821238e-05,0.0005162335000932217,0.9994654059410095,1.4565116224218855e-08,,,
/kaggle/input/datasets/tawsifurrahman/covid19-radiography-database/COVID-19_Radiography_Dataset/Normal/images/Normal-6782.png,Normal,Normal,0.04271199181675911,0.07243317365646362,0.8848484754562378,6.348685019474942e-06,,,
/kaggle/input/datasets/tawsifurrahman/covid19-radiography-database/COVID-19_Radiography_Dataset/Normal/images/Normal-6798.png,Normal,Normal,0.0022094210144132376,0.0033944137394428253,0.9943951368331909,1.1198337688256288e-06,,,
/kaggle/input/datasets/tawsifurrahman/covid19-radiography-database/COVID-19_Radiography_Dataset/Normal/images/Normal-6800.png,Normal,Normal,0.0009099782328121364,0.0006642822409048676,0.9984253644943237,4.390555830013909e-07,,0.42815297842025757,0.42815297842025757
/kaggle/input/datasets/tawsifurrahman/covid19-radiography-database/COVID-19_Radiography_Dataset/Normal/images/Normal-6807.png,Normal,Normal,0.00016479047189932317,0.11497822403907776,0.8848504424095154,6.529603069793666e-06,,,
/kaggle/input/datasets/tawsifurrahman/covid19-radiography-database/COVID-19_Radiography_Dataset/Normal/images/Normal-6815.png,Normal,Normal,0.0132762361317873,0.024205336347222328,0.9622012376785278,0.00031717607635073364,,0.5062205791473389,0.5062205791473389
/kaggle/input/datasets/tawsifurrahman/covid19-radiography-database/COVID-19_Radiography_Dataset/Normal/images/Normal-6816.png,Normal,Normal,0.002465395024046302,0.051139671355485916,0.9463704824447632,2.4478287741658278e-05,,0.3589034974575043,0.3589034974575043
/kaggle/input/datasets/tawsifurrahman/covid19-radiography-database/COVID-19_Radiography_Dataset/Normal/images/Normal-6818.png,Normal,Normal,0.09940563887357712,0.0013106707483530045,0.8991943001747131,8.935385994846001e-05,,0.38252678513526917,0.38252678513526917
/kaggle/input/datasets/tawsifurrahman/covid19-radiography-database/COVID-19_Radiography_Dataset/Normal/images/Normal-6831.png,Normal,Normal,0.00033778187935240567,0.0014991990756243467,0.998162567615509,4.623682912097138e-07,,0.4824194014072418,0.4824194014072418
/kaggle/input/datasets/tawsifurrahman/covid19-radiography-database/COVID-19_Radiography_Dataset/Normal/images/Normal-6832.png,Normal,Normal,0.000873647048138082,0.021248051896691322,0.9766870737075806,0.0011911630863323808,,,
/kaggle/input/datasets/tawsifurrahman/covid19-radiography-database/COVID-19_Radiography_Dataset/Normal/images/Normal-6834.png,Normal,Normal,0.14519262313842773,0.031295668333768845,0.8234879374504089,2.373685856582597e-05,,,
/kaggle/input/datasets/tawsifurrahman/covid19-radiography-database/COVID-19_Radiography_Dataset/Normal/images/Normal-6838.png,Normal,Normal,0.0044039529748260975,0.005559180863201618,0.9892248511314392,0.000812081852927804,,0.5789791941642761,0.5789791941642761
/kaggle/input/datasets/tawsifurrahman/covid19-radiography-database/COVID-19_Radiography_Dataset/Normal/images/Normal-6840.png,Normal,Normal,0.0020799085032194853,0.009489732794463634,0.9884295463562012,7.478330985577486e-07,,,
/kaggle/input/datasets/tawsifurrahman/covid19-radiography-database/COVID-19_Radiography_Dataset/Normal/images/Normal-6841.png,Normal,Normal,0.0007141593960113823,0.14959077537059784,0.8495132923126221,0.00018179917242377996,,,
/kaggle/input/datasets/tawsifurrahman/covid19-radiography-database/COVID-19_Radiography_Dataset/Normal/images/Normal-6846.png,Normal,Normal,0.08989395201206207,0.08177997171878815,0.8283050656318665,2.111854155373294e-05,,0.4039371907711029,0.4039371907711029
/kaggle/input/datasets/tawsifurrahman/covid19-radiography-database/COVID-19_Radiography_Dataset/Normal/images/Normal-686.png,Normal,Normal,0.0025024351198226213,0.0008517745300196111,0.9897554516792297,0.0068903821520507336,,,
/kaggle/input/datasets/tawsifurrahman/covid19-radiography-database/COVID-19_Radiography_Dataset/Normal/images/Normal-6866.png,Normal,Normal,0.00188793137203902,0.03106796182692051,0.9670435786247253,4.96672669214604e-07,,0.39246687293052673,0.39246687293052673
/kaggle/input/datasets/tawsifurrahman/covid19-radiography-database/COVID-19_Radiography_Dataset/Normal/images/Normal-6872.png,Normal,Normal,2.0501795461314032e-07,0.005188426468521357,0.9948112964630127,2.6523084173390998e-08,,,
/kaggle/input/datasets/tawsifurrahman/covid19-radiography-database/COVID-19_Radiography_Dataset/Normal/images/Normal-6884.png,Normal,Normal,0.0003808851179201156,0.0005379348294809461,0.9990799427032471,1.1765043836931e-06,,,
/kaggle/input/datasets/tawsifurrahman/covid19-radiography-database/COVID-19_Radiography_Dataset/Normal/images/Normal-6892.png,Normal,Normal,9.82748024398461e-05,0.0009305293206125498,0.9989708662033081,4.195265432827e-07,,,
/kaggle/input/datasets/tawsifurrahman/covid19-radiography-database/COVID-19_Radiography_Dataset/Normal/images/Normal-6894.png,Normal,Normal,8.579332643421367e-06,0.0010811479296535254,0.9989100694656372,1.7169296029351244e-07,,0.45132094621658325,0.45132094621658325
/kaggle/input/datasets/tawsifurrahman/covid19-radiography-database/COVID-19_Radiography_Dataset/Normal/images/Normal-6896.png,Normal,Normal,0.00013943643716629595,0.12106741964817047,0.878791868686676,1.247748173227592e-06,,,
/kaggle/input/datasets/tawsifurrahman/covid19-radiography-database/COVID-19_Radiography_Dataset/Normal/images/Normal-6899.png,Normal,Normal,6.201010546647012e-05,0.0005917562521062791,0.9993461966514587,1.64170170791067e-08,,0.4493905305862427,0.4493905305862427
/kaggle/input/datasets/tawsifurrahman/covid19-radiography-database/COVID-19_Radiography_Dataset/Normal/images/Normal-6908.png,Normal,Normal,0.00047042686492204666,0.250177800655365,0.7490360140800476,0.0003157555474899709,,,
/kaggle/input/datasets/tawsifurrahman/covid19-radiography-database/COVID-19_Radiography_Dataset/Normal/images/Normal-6913.png,Normal,Normal,0.0015796731458976865,0.03425917401909828,0.9641607403755188,4.238834492298338e-07,,0.551752507686615,0.551752507686615
/kaggle/input/datasets/tawsifurrahman/covid19-radiography-database/COVID-19_Radiography_Dataset/Normal/images/Normal-6914.png,Normal,Normal,0.29481029510498047,0.010995367541909218,0.6941726207733154,2.1732792447437532e-05,,,
/kaggle/input/datasets/tawsifurrahman/covid19-radiography-database/COVID-19_Radiography_Dataset/Normal/images/Normal-6915.png,Normal,Normal,0.04209018498659134,0.001082371803931892,0.9568268060684204,6.322218268905999e-07,,,
/kaggle/input/datasets/tawsifurrahman/covid19-radiography-database/COVID-19_Radiography_Dataset/Normal/images/Normal-6933.png,Normal,Normal,0.0006163306534290314,0.042127784341573715,0.9572540521621704,1.7741504052537493e-06,,0.35876789689064026,0.35876789689064026
/kaggle/input/datasets/tawsifurrahman/covid19-radiography-database/COVID-19_Radiography_Dataset/Normal/images/Normal-6934.png,Normal,Normal,0.011147398501634598,0.03511827811598778,0.9532684683799744,0.00046591987484134734,,,
/kaggle/input/datasets/tawsifurrahman/covid19-radiography-database/COVID-19_Radiography_Dataset/Normal/images/Normal-6947.png,Normal,Normal,0.0006044052424840629,0.05933084338903427,0.9400647878646851,1.7119138107091203e-08,,,
/kaggle/input/datasets/tawsifurrahman/covid19-radiography-database/COVID-19_Radiography_Dataset/Normal/images/Normal-6950.png,Normal,Normal,1.2601831258507445e-05,0.003484767861664295,0.9965007305145264,1.8657838154467754e-06,,0.38459980487823486,0.38459980487823486
/kaggle/input/datasets/tawsifurrahman/covid19-radiography-database/COVID-19_Radiography_Dataset/Normal/images/Normal-6951.png,Normal,Normal,2.9663502573384903e-05,0.24093838036060333,0.7587624192237854,0.00026951098698191345,,,
/kaggle/input/datasets/tawsifurrahman/covid19-radiography-database/COVID-19_Radiography_Dataset/Normal/images/Normal-6956.png,Normal,Normal,0.0017473658081144094,0.03117283247411251,0.967069685459137,1.01440209618886e-05,,,
/kaggle/input/datasets/tawsifurrahman/covid19-radiography-database/COVID-19_Radiography_Dataset/Normal/images/Normal-6967.png,Normal,COVID,0.9904806017875671,0.00023034258629195392,0.009287318214774132,1.7804809431254398e-06,,,
/kaggle/input/datasets/tawsifurrahman/covid19-radiography-database/COVID-19_Radiography_Dataset/Normal/images/Normal-6976.png,Normal,Normal,1.6936499378061853e-05,0.0008781816577538848,0.9991045594215393,3.143464937238605e-07,,0.5155352354049683,0.5155352354049683
/kaggle/input/datasets/tawsifurrahman/covid19-radiography-database/COVID-19_Radiography_Dataset/Normal/images/Normal-6981.png,Normal,Normal,0.2301531881093979,0.062432367354631424,0.707412838935852,1.6888754998944933e-06,,,
/kaggle/input/datasets/tawsifurrahman/covid19-radiography-database/COVID-19_Radiography_Dataset/Normal/images/Normal-6987.png,Normal,Normal,0.0024478582199662924,0.001811276189982891,0.9957394599914551,1.4469984535026015e-06,,0.4816319942474365,0.4816319942474365
/kaggle/input/datasets/tawsifurrahman/covid19-radiography-database/COVID-19_Radiography_Dataset/Normal/images/Normal-6990.png,Normal,Normal,0.15376533567905426,0.005294389091432095,0.8408207297325134,0.00011956479283981025,,,
/kaggle/input/datasets/tawsifurrahman/covid19-radiography-database/COVID-19_Radiography_Dataset/Normal/images/Normal-6991.png,Normal,Normal,0.0005503901047632098,0.001135443220846355,0.9983139038085938,2.648441181918315e-07,,,
/kaggle/input/datasets/tawsifurrahman/covid19-radiography-database/COVID-19_Radiography_Dataset/Normal/images/Normal-6993.png,Normal,Normal,3.077839210163802e-05,0.006022356450557709,0.9938818216323853,6.498583388747647e-05,,0.5362443327903748,0.5362443327903748
/kaggle/input/datasets/tawsifurrahman/covid19-radiography-database/COVID-19_Radiography_Dataset/Normal/images/Normal-6995.png,Normal,Normal,0.00024156107974704355,0.03959229961037636,0.9601391553878784,2.7027832402382046e-05,,,
/kaggle/input/datasets/tawsifurrahman/covid19-radiography-database/COVID-19_Radiography_Dataset/Normal/images/Normal-6998.png,Normal,Normal,0.00011492414341773838,0.010600019246339798,0.9892844557762146,6.026594974173349e-07,,0.5198505520820618,0.5198505520820618
/kaggle/input/datasets/tawsifurrahman/covid19-radiography-database/COVID-19_Radiography_Dataset/Normal/images/Normal-70.png,Normal,Normal,1.1849266229546629e-05,0.0001328097569057718,0.999727189540863,0.00012818424147553742,,,
/kaggle/input/datasets/tawsifurrahman/covid19-radiography-database/COVID-19_Radiography_Dataset/Normal/images/Normal-7007.png,Normal,Normal,0.06457969546318054,0.014345845207571983,0.9210294485092163,4.500792420003563e-05,,,
/kaggle/input/datasets/tawsifurrahman/covid19-radiography-database/COVID-19_Radiography_Dataset/Normal/images/Normal-7014.png,Normal,Normal,0.018606936559081078,0.0419299341738224,0.9394327998161316,3.0281347790150903e-05,,,
/kaggle/input/datasets/tawsifurrahman/covid19-radiography-database/COVID-19_Radiography_Dataset/Normal/images/Normal-7019.png,Normal,Normal,0.00018058533896692097,0.008047501556575298,0.99177086353302,1.167006644209323e-06,,,
/kaggle/input/datasets/tawsifurrahman/covid19-radiography-database/COVID-19_Radiography_Dataset/Normal/images/Normal-702.png,Normal,Normal,0.009020444005727768,0.010639679618179798,0.7079242467880249,0.2724155783653259,,0.36757662892341614,0.36757662892341614
/kaggle/input/datasets/tawsifurrahman/covid19-radiography-database/COVID-19_Radiography_Dataset/Normal/images/Normal-7026.png,Normal,Normal,0.0002813450701069087,0.0024253991432487965,0.997292697429657,4.242314730618091e-07,,,
/kaggle/input/datasets/tawsifurrahman/covid19-radiography-database/COVID-19_Radiography_Dataset/Normal/images/Normal-7035.png,Normal,Normal,0.0011701983166858554,0.024073347449302673,0.9744518995285034,0.00030451081693172455,,0.3457782566547394,0.3457782566547394
/kaggle/input/datasets/tawsifurrahman/covid19-radiography-database/COVID-19_Radiography_Dataset/Normal/images/Normal-704.png,Normal,Viral Pneumonia,0.0033582178875803947,0.004311716184020042,0.3141518831253052,0.6781781315803528,,0.47621703147888184,0.47621703147888184
/kaggle/input/datasets/tawsifurrahman/covid19-radiography-database/COVID-19_Radiography_Dataset/Normal/images/Normal-7041.png,Normal,Normal,0.004995683673769236,0.002237460808828473,0.9927607774734497,6.101850885897875e-06,,,
/kaggle/input/datasets/tawsifurrahman/covid19-radiography-database/COVID-19_Radiography_Dataset/Normal/images/Normal-7042.png,Normal,Normal,0.0019353514071553946,0.0045329248532652855,0.9935315251350403,1.9655934124784835e-07,,,
/kaggle/input/datasets/tawsifurrahman/covid19-radiography-database/COVID-19_Radiography_Dataset/Normal/images/Normal-7052.png,Normal,Normal,0.005877647083252668,0.04860520735383034,0.9455167055130005,4.49760449328096e-07,,,
/kaggle/input/datasets/tawsifurrahman/covid19-radiography-database/COVID-19_Radiography_Dataset/Normal/images/Normal-7055.png,Normal,Normal,0.0009358357638120651,0.04471603035926819,0.9542961716651917,5.197584687266499e-05,,,
/kaggle/input/datasets/tawsifurrahman/covid19-radiography-database/COVID-19_Radiography_Dataset/Normal/images/Normal-706.png,Normal,Normal,0.01883813925087452,0.0011514449724927545,0.9144927263259888,0.06551766395568848,,,
/kaggle/input/datasets/tawsifurrahman/covid19-radiography-database/COVID-19_Radiography_Dataset/Normal/images/Normal-7063.png,Normal,Normal,0.009577284567058086,0.07004804909229279,0.9203659296035767,8.831100785755552e-06,,0.30061325430870056,0.30061325430870056
/kaggle/input/datasets/tawsifurrahman/covid19-radiography-database/COVID-19_Radiography_Dataset/Normal/images/Normal-7070.png,Normal,Normal,0.06398596614599228,0.054792292416095734,0.8812152743339539,6.439509434130741e-06,,0.3299254775047302,0.3299254775047302
/kaggle/input/datasets/tawsifurrahman/covid19-radiography-database/COVID-19_Radiography_Dataset/Normal/images/Normal-7074.png,Normal,Normal,0.0004354306438472122,0.0011618672870099545,0.9984018206596375,8.617297453383799e-07,,,
/kaggle/input/datasets/tawsifurrahman/covid19-radiography-database/COVID-19_Radiography_Dataset/Normal/images/Normal-708.png,Normal,Normal,0.4228520691394806,0.007556547876447439,0.5651295185089111,0.00446184491738677,,,
/kaggle/input/datasets/tawsifurrahman/covid19-radiography-database/COVID-19_Radiography_Dataset/Normal/images/Normal-7087.png,Normal,Normal,0.0006625815876759589,0.054795295000076294,0.9445385336875916,3.5142952583555598e-06,,,
/kaggle/input/datasets/tawsifurrahman/covid19-radiography-database/COVID-19_Radiography_Dataset/Normal/images/Normal-7094.png,Normal,Normal,0.004757200833410025,0.07414533942937851,0.920605480670929,0.0004919811035506427,,0.2880244851112366,0.2880244851112366
/kaggle/input/datasets/tawsifurrahman/covid19-radiography-database/COVID-19_Radiography_Dataset/Normal/images/Normal-7117.png,Normal,Normal,0.00011744943913072348,0.006071940064430237,0.9938105940818787,1.0666183669627571e-07,,,
/kaggle/input/datasets/tawsifurrahman/covid19-radiography-database/COVID-19_Radiography_Dataset/Normal/images/Normal-7119.png,Normal,Normal,2.9903263566666283e-05,0.0009568291716277599,0.9990129470825195,2.67552309196617e-07,,,
/kaggle/input/datasets/tawsifurrahman/covid19-radiography-database/COVID-19_Radiography_Dataset/Normal/images/Normal-7124.png,Normal,Normal,0.030242249369621277,0.20334044098854065,0.7663818001747131,3.5455705074127764e-05,,,
/kaggle/input/datasets/tawsifurrahman/covid19-radiography-database/COVID-19_Radiography_Dataset/Normal/images/Normal-7129.png,Normal,Normal,0.0032483264803886414,0.008821416646242142,0.987930178642273,8.700045128762213e-09,,,
/kaggle/input/datasets/tawsifurrahman/covid19-radiography-database/COVID-19_Radiography_Dataset/Normal/images/Normal-7137.png,Normal,Normal,0.0027538605500012636,0.06729510426521301,0.9298242926597595,0.00012667359260376543,,,
/kaggle/input/datasets/tawsifurrahman/covid19-radiography-database/COVID-19_Radiography_Dataset/Normal/images/Normal-7141.png,Normal,Normal,0.000532753998413682,0.06353184580802917,0.9359309673309326,4.3954532884527e-06,,,
/kaggle/input/datasets/tawsifurrahman/covid19-radiography-database/COVID-19_Radiography_Dataset/Normal/images/Normal-7148.png,Normal,Normal,0.005882717203348875,0.026815244928002357,0.9673014283180237,6.537152330565732e-07,,0.28330954909324646,0.28330954909324646
/kaggle/input/datasets/tawsifurrahman/covid19-radiography-database/COVID-19_Radiography_Dataset/Normal/images/Normal-7154.png,Normal,Normal,6.231027327885386e-06,0.004083038307726383,0.9959096908569336,1.0837953823283897e-06,,0.3739358186721802,0.3739358186721802
/kaggle/input/datasets/tawsifurrahman/covid19-radiography-database/COVID-19_Radiography_Dataset/Normal/images/Normal-7156.png,Normal,Normal,0.001693885657005012,0.06864023208618164,0.9294803142547607,0.00018561338947620243,,0.36443760991096497,0.36443760991096497
/kaggle/input/datasets/tawsifurrahman/covid19-radiography-database/COVID-19_Radiography_Dataset/Normal/images/Normal-7157.png,Normal,Normal,8.617385174147785e-05,0.001816935371607542,0.9980968832969666,4.6509587292575816e-08,,,
/kaggle/input/datasets/tawsifurrahman/covid19-radiography-database/COVID-19_Radiography_Dataset/Normal/images/Normal-7160.png,Normal,Normal,0.00023329649411607534,0.004472213797271252,0.9952940344810486,4.276710683370766e-07,,,
/kaggle/input/datasets/tawsifurrahman/covid19-radiography-database/COVID-19_Radiography_Dataset/Normal/images/Normal-7162.png,Normal,Normal,0.0006127181695774198,0.003129660151898861,0.9962548017501831,2.7724354367819615e-06,,,
/kaggle/input/datasets/tawsifurrahman/covid19-radiography-database/COVID-19_Radiography_Dataset/Normal/images/Normal-7163.png,Normal,Normal,0.03089047782123089,0.10109630972146988,0.8676792979240417,0.00033387524308636785,,,
/kaggle/input/datasets/tawsifurrahman/covid19-radiography-database/COVID-19_Radiography_Dataset/Normal/images/Normal-7164.png,Normal,Normal,0.10898694396018982,0.004462798126041889,0.8865500092506409,2.8290011755416344e-07,,,
/kaggle/input/datasets/tawsifurrahman/covid19-radiography-database/COVID-19_Radiography_Dataset/Normal/images/Normal-7181.png,Normal,Normal,0.001095286919735372,0.0022419861052185297,0.9966621398925781,6.318021519291506e-07,,,
/kaggle/input/datasets/tawsifurrahman/covid19-radiography-database/COVID-19_Radiography_Dataset/Normal/images/Normal-7182.png,Normal,Normal,0.056472234427928925,0.14292608201503754,0.4964088201522827,0.3041929006576538,,,
/kaggle/input/datasets/tawsifurrahman/covid19-radiography-database/COVID-19_Radiography_Dataset/Normal/images/Normal-7188.png,Normal,Normal,0.00020209306967444718,0.008123422972857952,0.9916732907295227,1.1536271813383792e-06,,0.347464919090271,0.347464919090271
/kaggle/input/datasets/tawsifurrahman/covid19-radiography-database/COVID-19_Radiography_Dataset/Normal/images/Normal-7192.png,Normal,Normal,0.013643959537148476,0.19167295098304749,0.7934557199478149,0.0012274155160412192,,,
/kaggle/input/datasets/tawsifurrahman/covid19-radiography-database/COVID-19_Radiography_Dataset/Normal/images/Normal-7193.png,Normal,Normal,4.4143649574834853e-05,0.043399542570114136,0.9565239548683167,3.242104503442533e-05,,0.5194726586341858,0.5194726586341858
/kaggle/input/datasets/tawsifurrahman/covid19-radiography-database/COVID-19_Radiography_Dataset/Normal/images/Normal-72.png,Normal,Normal,0.0015234921593219042,0.0025272758211940527,0.9759387969970703,0.020010434091091156,,0.19380736351013184,0.19380736351013184
/kaggle/input/datasets/tawsifurrahman/covid19-radiography-database/COVID-19_Radiography_Dataset/Normal/images/Normal-720.png,Normal,Normal,0.0011954393703490496,0.00017206021584570408,0.9979787468910217,0.0006537810550071299,,0.30793705582618713,0.30793705582618713
/kaggle/input/datasets/tawsifurrahman/covid19-radiography-database/COVID-19_Radiography_Dataset/Normal/images/Normal-7207.png,Normal,Normal,6.329524330794811e-05,0.008279872126877308,0.9916554689407349,1.4519007436319953e-06,,,
/kaggle/input/datasets/tawsifurrahman/covid19-radiography-database/COVID-19_Radiography_Dataset/Normal/images/Normal-7239.png,Normal,Normal,0.0011195894330739975,0.018287234008312225,0.9805912375450134,1.9172091469954466e-06,,,
/kaggle/input/datasets/tawsifurrahman/covid19-radiography-database/COVID-19_Radiography_Dataset/Normal/images/Normal-7242.png,Normal,Lung_Opacity,1.2141000297560822e-05,0.5190265774726868,0.48076626658439636,0.00019507897377479821,,,
/kaggle/input/datasets/tawsifurrahman/covid19-radiography-database/COVID-19_Radiography_Dataset/Normal/images/Normal-7248.png,Normal,Normal,0.019000794738531113,0.01799117587506771,0.9629033803939819,0.00010460632620379329,,0.3935169279575348,0.3935169279575348
/kaggle/input/datasets/tawsifurrahman/covid19-radiography-database/COVID-19_Radiography_Dataset/Normal/images/Normal-7253.png,Normal,Normal,0.0024060802534222603,0.004593124147504568,0.9929649829864502,3.5756693250732496e-05,,,
/kaggle/input/datasets/tawsifurrahman/covid19-radiography-database/COVID-19_Radiography_Dataset/Normal/images/Normal-7266.png,Normal,Lung_Opacity,0.07638487964868546,0.6160883903503418,0.30529290437698364,0.002233823761343956,,,
/kaggle/input/datasets/tawsifurrahman/covid19-radiography-database/COVID-19_Radiography_Dataset/Normal/images/Normal-7279.png,Normal,Normal,0.013304714113473892,0.15126994252204895,0.835424542427063,8.032183131945203e-07,,,
/kaggle/input/datasets/tawsifurrahman/covid19-radiography-database/COVID-19_Radiography_Dataset/Normal/images/Normal-7287.png,Normal,Normal,0.014323032461106777,0.044802531599998474,0.9408632516860962,1.1156187611049972e-05,,,
/kaggle/input/datasets/tawsifurrahman/covid19-radiography-database/COVID-19_Radiography_Dataset/Normal/images/Normal-7295.png,Normal,Normal,0.011203605681657791,0.0021388994064182043,0.9866496920585632,7.910389285825659e-06,,0.6004261374473572,0.6004261374473572
/kaggle/input/datasets/tawsifurrahman/covid19-radiography-database/COVID-19_Radiography_Dataset/Normal/images/Normal-7311.png,Normal,Normal,0.00010172257316298783,0.002912543248385191,0.9969327449798584,5.298740870784968e-05,,0.4315008819103241,0.4315008819103241
/kaggle/input/datasets/tawsifurrahman/covid19-radiography-database/COVID-19_Radiography_Dataset/Normal/images/Normal-7313.png,Normal,Normal,0.0200449600815773,0.001749373972415924,0.9781938791275024,1.1791737051680684e-05,,0.47881537675857544,0.47881537675857544
/kaggle/input/datasets/tawsifurrahman/covid19-radiography-database/COVID-19_Radiography_Dataset/Normal/images/Normal-7315.png,Normal,Normal,0.0014738375321030617,0.16799117624759674,0.8303942680358887,0.0001406945666531101,,0.3778753876686096,0.3778753876686096
/kaggle/input/datasets/tawsifurrahman/covid19-radiography-database/COVID-19_Radiography_Dataset/Normal/images/Normal-7321.png,Normal,Normal,0.14790166914463043,0.04337076097726822,0.8087254166603088,2.1218763777142158e-06,,0.3920246958732605,0.3920246958732605
/kaggle/input/datasets/tawsifurrahman/covid19-radiography-database/COVID-19_Radiography_Dataset/Normal/images/Normal-7327.png,Normal,Normal,0.0013031401904299855,0.0024369559250772,0.996259331703186,5.053357767792477e-07,,,
/kaggle/input/datasets/tawsifurrahman/covid19-radiography-database/COVID-19_Radiography_Dataset/Normal/images/Normal-7329.png,Normal,Lung_Opacity,0.00023807442630641162,0.88802570104599,0.11165565997362137,8.058191451709718e-05,,,
/kaggle/input/datasets/tawsifurrahman/covid19-radiography-database/COVID-19_Radiography_Dataset/Normal/images/Normal-733.png,Normal,Normal,4.4327367504592985e-05,0.00015264376997947693,0.998542308807373,0.0012608079705387354,,,
/kaggle/input/datasets/tawsifurrahman/covid19-radiography-database/COVID-19_Radiography_Dataset/Normal/images/Normal-7334.png,Normal,Normal,0.003779796650633216,0.01863783597946167,0.9775809049606323,1.5155109167608316e-06,,0.4617604911327362,0.4617604911327362
/kaggle/input/datasets/tawsifurrahman/covid19-radiography-database/COVID-19_Radiography_Dataset/Normal/images/Normal-7336.png,Normal,Normal,0.0008897230145521462,0.018498865887522697,0.9726126194000244,0.007998695597052574,,,
/kaggle/input/datasets/tawsifurrahman/covid19-radiography-database/COVID-19_Radiography_Dataset/Normal/images/Normal-7337.png,Normal,Normal,0.00010325579205527902,0.10358557105064392,0.8953191041946411,0.0009921175660565495,,,
/kaggle/input/datasets/tawsifurrahman/covid19-radiography-database/COVID-19_Radiography_Dataset/Normal/images/Normal-735.png,Normal,Normal,0.00023336564481724054,0.0003269990556873381,0.9992959499359131,0.0001436359016224742,,,
/kaggle/input/datasets/tawsifurrahman/covid19-radiography-database/COVID-19_Radiography_Dataset/Normal/images/Normal-7355.png,Normal,Normal,0.0007040862692520022,0.10723628848791122,0.8913315534591675,0.00072817865293473,,0.2506783902645111,0.2506783902645111
/kaggle/input/datasets/tawsifurrahman/covid19-radiography-database/COVID-19_Radiography_Dataset/Normal/images/Normal-7356.png,Normal,Normal,0.002149652922526002,0.0067081814631819725,0.991141676902771,4.997255587113614e-07,,,
/kaggle/input/datasets/tawsifurrahman/covid19-radiography-database/COVID-19_Radiography_Dataset/Normal/images/Normal-7371.png,Normal,Normal,0.0003653527528513223,0.0011662689503282309,0.9984666109085083,1.7413098021279438e-06,,0.5566471815109253,0.5566471815109253
/kaggle/input/datasets/tawsifurrahman/covid19-radiography-database/COVID-19_Radiography_Dataset/Normal/images/Normal-7380.png,Normal,Normal,0.2244804948568344,0.022191550582647324,0.7533251047134399,2.8404954264260596e-06,,0.3346133232116699,0.3346133232116699
/kaggle/input/datasets/tawsifurrahman/covid19-radiography-database/COVID-19_Radiography_Dataset/Normal/images/Normal-7402.png,Normal,Normal,0.00261625275015831,0.0024980821181088686,0.9948855042457581,9.617948393270126e-08,,,
/kaggle/input/datasets/tawsifurrahman/covid19-radiography-database/COVID-19_Radiography_Dataset/Normal/images/Normal-7403.png,Normal,Normal,6.62945979001961e-07,0.0008792028529569507,0.9991199374198914,1.7727258239119692e-07,,,
/kaggle/input/datasets/tawsifurrahman/covid19-radiography-database/COVID-19_Radiography_Dataset/Normal/images/Normal-7407.png,Normal,Normal,4.452107168617658e-05,0.011684278026223183,0.9882708191871643,3.099525827110483e-07,,0.4241947531700134,0.4241947531700134
/kaggle/input/datasets/tawsifurrahman/covid19-radiography-database/COVID-19_Radiography_Dataset/Normal/images/Normal-7428.png,Normal,Normal,0.05744771659374237,0.01320207491517067,0.9293428063392639,7.371507308562286e-06,,,
/kaggle/input/datasets/tawsifurrahman/covid19-radiography-database/COVID-19_Radiography_Dataset/Normal/images/Normal-7436.png,Normal,Normal,0.008420673198997974,0.00367160071618855,0.987907350063324,3.542701847436547e-07,,,
/kaggle/input/datasets/tawsifurrahman/covid19-radiography-database/COVID-19_Radiography_Dataset/Normal/images/Normal-7438.png,Normal,Normal,0.0013559191720560193,0.017372911795973778,0.9812701940536499,1.0027042662841268e-06,,0.6029368042945862,0.6029368042945862
/kaggle/input/datasets/tawsifurrahman/covid19-radiography-database/COVID-19_Radiography_Dataset/Normal/images/Normal-7453.png,Normal,Normal,0.0001674339291639626,0.008000500500202179,0.9918288588523865,3.2215059491136344e-06,,,
/kaggle/input/datasets/tawsifurrahman/covid19-radiography-database/COVID-19_Radiography_Dataset/Normal/images/Normal-7457.png,Normal,Normal,4.267064923624275e-06,0.06649039685726166,0.9335042238235474,1.1702121582857217e-06,,0.2876289486885071,0.2876289486885071
/kaggle/input/datasets/tawsifurrahman/covid19-radiography-database/COVID-19_Radiography_Dataset/Normal/images/Normal-7458.png,Normal,Normal,0.00016115678590722382,0.04524068906903267,0.9545857906341553,1.2392992175591644e-05,,,
/kaggle/input/datasets/tawsifurrahman/covid19-radiography-database/COVID-19_Radiography_Dataset/Normal/images/Normal-7460.png,Normal,Normal,0.010630780830979347,0.010870778001844883,0.9784289002418518,6.945447239559144e-05,,,
/kaggle/input/datasets/tawsifurrahman/covid19-radiography-database/COVID-19_Radiography_Dataset/Normal/images/Normal-7466.png,Normal,Normal,0.0039009067695587873,0.0005740305641666055,0.995520830154419,4.287088813725859e-06,,0.3780445456504822,0.3780445456504822
/kaggle/input/datasets/tawsifurrahman/covid19-radiography-database/COVID-19_Radiography_Dataset/Normal/images/Normal-7468.png,Normal,Normal,0.0006522601470351219,0.006870845332741737,0.9924688935279846,8.038448868319392e-06,,0.37608614563941956,0.37608614563941956
/kaggle/input/datasets/tawsifurrahman/covid19-radiography-database/COVID-19_Radiography_Dataset/Normal/images/Normal-7472.png,Normal,Normal,0.2328401356935501,0.034836865961551666,0.7323216199874878,1.427592792424548e-06,,,
/kaggle/input/datasets/tawsifurrahman/covid19-radiography-database/COVID-19_Radiography_Dataset/Normal/images/Normal-7475.png,Normal,Normal,0.0003695813356898725,0.005166872404515743,0.9944625496864319,8.828783961689624e-07,,,
/kaggle/input/datasets/tawsifurrahman/covid19-radiography-database/COVID-19_Radiography_Dataset/Normal/images/Normal-7478.png,Normal,Normal,0.00010103593376697972,0.001024488010443747,0.9988741278648376,2.9768739295832347e-07,,0.40581536293029785,0.40581536293029785
/kaggle/input/datasets/tawsifurrahman/covid19-radiography-database/COVID-19_Radiography_Dataset/Normal/images/Normal-7482.png,Normal,Normal,0.07092896848917007,0.0013415809953585267,0.9277289509773254,4.6896252570149954e-07,,0.5073586702346802,0.5073586702346802
/kaggle/input/datasets/tawsifurrahman/covid19-radiography-database/COVID-19_Radiography_Dataset/Normal/images/Normal-7487.png,Normal,Normal,0.0003026407503057271,0.10440190881490707,0.8952847123146057,1.07008199847769e-05,,,
/kaggle/input/datasets/tawsifurrahman/covid19-radiography-database/COVID-19_Radiography_Dataset/Normal/images/Normal-7492.png,Normal,Viral Pneumonia,0.008112426847219467,0.02471027337014675,0.3539027273654938,0.6132745146751404,,,
/kaggle/input/datasets/tawsifurrahman/covid19-radiography-database/COVID-19_Radiography_Dataset/Normal/images/Normal-7497.png,Normal,Normal,0.004053483251482248,0.008624021895229816,0.9872588515281677,6.36812110315077e-05,,,
/kaggle/input/datasets/tawsifurrahman/covid19-radiography-database/COVID-19_Radiography_Dataset/Normal/images/Normal-750.png,Normal,Normal,4.208480277156923e-06,0.00017962024139706045,0.9996047616004944,0.00021141598699614406,,,
/kaggle/input/datasets/tawsifurrahman/covid19-radiography-database/COVID-19_Radiography_Dataset/Normal/images/Normal-7503.png,Normal,Normal,0.4563567638397217,0.007706149015575647,0.5359331965446472,3.8769180719100405e-06,,,
/kaggle/input/datasets/tawsifurrahman/covid19-radiography-database/COVID-19_Radiography_Dataset/Normal/images/Normal-751.png,Normal,Normal,9.922480239765719e-05,8.749471453484148e-05,0.999752938747406,6.032683086232282e-05,,,
/kaggle/input/datasets/tawsifurrahman/covid19-radiography-database/COVID-19_Radiography_Dataset/Normal/images/Normal-7518.png,Normal,Normal,0.022916359826922417,0.013625267893075943,0.9630929827690125,0.0003654847096186131,,0.3904613256454468,0.3904613256454468
/kaggle/input/datasets/tawsifurrahman/covid19-radiography-database/COVID-19_Radiography_Dataset/Normal/images/Normal-7525.png,Normal,Normal,0.0018180460901930928,0.002215860178694129,0.9959625601768494,3.4928889363072813e-06,,0.5848274230957031,0.5848274230957031
/kaggle/input/datasets/tawsifurrahman/covid19-radiography-database/COVID-19_Radiography_Dataset/Normal/images/Normal-7547.png,Normal,Normal,0.04804288223385811,0.022857194766402245,0.9290953874588013,4.521289156400599e-06,,0.438678115606308,0.438678115606308
/kaggle/input/datasets/tawsifurrahman/covid19-radiography-database/COVID-19_Radiography_Dataset/Normal/images/Normal-7556.png,Normal,Normal,0.027316732332110405,0.12760551273822784,0.8450759053230286,1.9100350527878618e-06,,,
/kaggle/input/datasets/tawsifurrahman/covid19-radiography-database/COVID-19_Radiography_Dataset/Normal/images/Normal-756.png,Normal,Normal,0.000310915318550542,0.002040054416283965,0.979770839214325,0.01787816733121872,,,
/kaggle/input/datasets/tawsifurrahman/covid19-radiography-database/COVID-19_Radiography_Dataset/Normal/images/Normal-7572.png,Normal,Normal,0.0014979471452534199,0.003236108925193548,0.9951794147491455,8.646374772069976e-05,,,
/kaggle/input/datasets/tawsifurrahman/covid19-radiography-database/COVID-19_Radiography_Dataset/Normal/images/Normal-7574.png,Normal,Normal,0.002072193194180727,0.015002322383224964,0.9829240441322327,1.368163907500275e-06,,,
/kaggle/input/datasets/tawsifurrahman/covid19-radiography-database/COVID-19_Radiography_Dataset/Normal/images/Normal-7582.png,Normal,Normal,0.0031207886058837175,0.012192698195576668,0.9846593141555786,2.7205451260670088e-05,,,
/kaggle/input/datasets/tawsifurrahman/covid19-radiography-database/COVID-19_Radiography_Dataset/Normal/images/Normal-7592.png,Normal,Normal,0.0008527181926183403,0.07807625085115433,0.9210605025291443,1.0610336175886914e-05,,0.3856022357940674,0.3856022357940674
/kaggle/input/datasets/tawsifurrahman/covid19-radiography-database/COVID-19_Radiography_Dataset/Normal/images/Normal-7594.png,Normal,Normal,0.0195920430123806,0.07186394184827805,0.9085415601730347,2.428863581371843e-06,,,
/kaggle/input/datasets/tawsifurrahman/covid19-radiography-database/COVID-19_Radiography_Dataset/Normal/images/Normal-760.png,Normal,Normal,0.0005973880761303008,0.0010325007606297731,0.9967517852783203,0.0016182742547243834,,0.32750850915908813,0.32750850915908813
/kaggle/input/datasets/tawsifurrahman/covid19-radiography-database/COVID-19_Radiography_Dataset/Normal/images/Normal-7611.png,Normal,Normal,0.0023457491770386696,0.23214125633239746,0.7652543783187866,0.00025867868680506945,,,
/kaggle/input/datasets/tawsifurrahman/covid19-radiography-database/COVID-19_Radiography_Dataset/Normal/images/Normal-7616.png,Normal,Normal,0.0002967798209283501,0.004233187064528465,0.9954673051834106,2.657190407262533e-06,,0.5412548780441284,0.5412548780441284
/kaggle/input/datasets/tawsifurrahman/covid19-radiography-database/COVID-19_Radiography_Dataset/Normal/images/Normal-7639.png,Normal,Normal,0.016545385122299194,0.001552914036437869,0.9819003343582153,1.4011770872457419e-06,,,
/kaggle/input/datasets/tawsifurrahman/covid19-radiography-database/COVID-19_Radiography_Dataset/Normal/images/Normal-7641.png,Normal,Normal,0.004016642924398184,0.0027726665139198303,0.99321049451828,2.1831297658536641e-07,,,
/kaggle/input/datasets/tawsifurrahman/covid19-radiography-database/COVID-19_Radiography_Dataset/Normal/images/Normal-7652.png,Normal,Normal,0.00026776082813739777,0.007816481404006481,0.9919149875640869,8.733279059924826e-07,,,
/kaggle/input/datasets/tawsifurrahman/covid19-radiography-database/COVID-19_Radiography_Dataset/Normal/images/Normal-7666.png,Normal,Normal,0.0012604146031662822,0.015569863840937614,0.9831259846687317,4.371252725832164e-05,,,
/kaggle/input/datasets/tawsifurrahman/covid19-radiography-database/COVID-19_Radiography_Dataset/Normal/images/Normal-7679.png,Normal,Normal,0.001324626849964261,0.019609710201621056,0.9790655374526978,2.3599049825406837e-07,,0.38983723521232605,0.38983723521232605
/kaggle/input/datasets/tawsifurrahman/covid19-radiography-database/COVID-19_Radiography_Dataset/Normal/images/Normal-7680.png,Normal,Normal,0.012099327519536018,0.03874782845377922,0.9491053819656372,4.75039632874541e-05,,0.5581571459770203,0.5581571459770203
/kaggle/input/datasets/tawsifurrahman/covid19-radiography-database/COVID-19_Radiography_Dataset/Normal/images/Normal-7687.png,Normal,Normal,0.00033655614242888987,0.011028503067791462,0.9874381422996521,0.0011967838509008288,,0.533950924873352,0.533950924873352
/kaggle/input/datasets/tawsifurrahman/covid19-radiography-database/COVID-19_Radiography_Dataset/Normal/images/Normal-7692.png,Normal,Normal,0.001305948244407773,0.00447411835193634,0.9942177534103394,2.1900495994486846e-06,,,
/kaggle/input/datasets/tawsifurrahman/covid19-radiography-database/COVID-19_Radiography_Dataset/Normal/images/Normal-7693.png,Normal,Normal,0.006634614896029234,0.022423960268497467,0.9709411263465881,2.7917531042476185e-07,,,
/kaggle/input/datasets/tawsifurrahman/covid19-radiography-database/COVID-19_Radiography_Dataset/Normal/images/Normal-7697.png,Normal,Normal,0.01608542539179325,0.3931238055229187,0.5907891392707825,1.6638507531752111e-06,,,
/kaggle/input/datasets/tawsifurrahman/covid19-radiography-database/COVID-19_Radiography_Dataset/Normal/images/Normal-77.png,Normal,Normal,1.9296853679406922e-06,0.00018266445840708911,0.9931986927986145,0.006616747472435236,,,
/kaggle/input/datasets/tawsifurrahman/covid19-radiography-database/COVID-19_Radiography_Dataset/Normal/images/Normal-7700.png,Normal,Normal,0.0016192023176699877,0.2862885594367981,0.7119899392127991,0.00010231506894342601,,,
/kaggle/input/datasets/tawsifurrahman/covid19-radiography-database/COVID-19_Radiography_Dataset/Normal/images/Normal-7702.png,Normal,Normal,0.01876775175333023,0.059375595301389694,0.9218538403511047,2.8776446470146766e-06,,,
/kaggle/input/datasets/tawsifurrahman/covid19-radiography-database/COVID-19_Radiography_Dataset/Normal/images/Normal-7729.png,Normal,Normal,0.0005780133069492877,0.021602291613817215,0.9778051376342773,1.4463298612099607e-05,,,
/kaggle/input/datasets/tawsifurrahman/covid19-radiography-database/COVID-19_Radiography_Dataset/Normal/images/Normal-7736.png,Normal,Normal,0.0002978210977744311,0.013469791039824486,0.9862236380577087,8.745062586967833e-06,,,
/kaggle/input/datasets/tawsifurrahman/covid19-radiography-database/COVID-19_Radiography_Dataset/Normal/images/Normal-7743.png,Normal,Normal,0.006653096992522478,0.001541369827464223,0.9917946457862854,1.0910442142630927e-05,,,
/kaggle/input/datasets/tawsifurrahman/covid19-radiography-database/COVID-19_Radiography_Dataset/Normal/images/Normal-7750.png,Normal,Normal,0.005287629552185535,0.007205159403383732,0.9875071048736572,1.2544460048502515e-07,,0.5144194960594177,0.5144194960594177
/kaggle/input/datasets/tawsifurrahman/covid19-radiography-database/COVID-19_Radiography_Dataset/Normal/images/Normal-7755.png,Normal,Normal,9.163104550680146e-05,0.04610886797308922,0.9537013173103333,9.823790605878457e-05,,,
/kaggle/input/datasets/tawsifurrahman/covid19-radiography-database/COVID-19_Radiography_Dataset/Normal/images/Normal-7757.png,Normal,Normal,0.0011360994540154934,0.0038259143475443125,0.9950363039970398,1.676714418863412e-06,,,
/kaggle/input/datasets/tawsifurrahman/covid19-radiography-database/COVID-19_Radiography_Dataset/Normal/images/Normal-7762.png,Normal,Normal,0.02006872370839119,0.20336367189884186,0.7754491567611694,0.0011184707982465625,,,
/kaggle/input/datasets/tawsifurrahman/covid19-radiography-database/COVID-19_Radiography_Dataset/Normal/images/Normal-7769.png,Normal,Normal,0.2849400043487549,0.0069524687714874744,0.7081074118614197,1.2216183620239462e-07,,,
/kaggle/input/datasets/tawsifurrahman/covid19-radiography-database/COVID-19_Radiography_Dataset/Normal/images/Normal-7780.png,Normal,Normal,7.042233482934535e-05,0.23639284074306488,0.7634779810905457,5.872149995411746e-05,,0.3924209177494049,0.3924209177494049
/kaggle/input/datasets/tawsifurrahman/covid19-radiography-database/COVID-19_Radiography_Dataset/Normal/images/Normal-7782.png,Normal,Normal,0.008590178564190865,0.044297948479652405,0.9470857977867126,2.606388989079278e-05,,,
/kaggle/input/datasets/tawsifurrahman/covid19-radiography-database/COVID-19_Radiography_Dataset/Normal/images/Normal-7793.png,Normal,Normal,2.3678328943788074e-05,0.0009035061812028289,0.9990725517272949,1.7485699288499745e-07,,,
/kaggle/input/datasets/tawsifurrahman/covid19-radiography-database/COVID-19_Radiography_Dataset/Normal/images/Normal-7795.png,Normal,Normal,0.00012179039185866714,0.007096867077052593,0.9927813410758972,8.199361190008858e-08,,,
/kaggle/input/datasets/tawsifurrahman/covid19-radiography-database/COVID-19_Radiography_Dataset/Normal/images/Normal-7797.png,Normal,Normal,0.01460972335189581,0.026757745072245598,0.9586309194564819,1.6290770190607873e-06,,,
/kaggle/input/datasets/tawsifurrahman/covid19-radiography-database/COVID-19_Radiography_Dataset/Normal/images/Normal-7808.png,Normal,Normal,0.04624761641025543,0.011175979860126972,0.942574143409729,2.2829756289866054e-06,,,
/kaggle/input/datasets/tawsifurrahman/covid19-radiography-database/COVID-19_Radiography_Dataset/Normal/images/Normal-7816.png,Normal,Normal,0.0013751175720244646,0.07698535919189453,0.9216387867927551,7.570203592877078e-07,,,
/kaggle/input/datasets/tawsifurrahman/covid19-radiography-database/COVID-19_Radiography_Dataset/Normal/images/Normal-7817.png,Normal,Normal,1.881229763966985e-06,0.001903287135064602,0.9980947375297546,4.441625023332563e-08,,,
/kaggle/input/datasets/tawsifurrahman/covid19-radiography-database/COVID-19_Radiography_Dataset/Normal/images/Normal-7833.png,Normal,Normal,2.9259601888043107e-06,0.0018985490314662457,0.9980984330177307,3.97969976972945e-08,,,
/kaggle/input/datasets/tawsifurrahman/covid19-radiography-database/COVID-19_Radiography_Dataset/Normal/images/Normal-7837.png,Normal,Normal,0.005766642279922962,0.0074931904673576355,0.9867401719093323,3.358758604576906e-08,,,
/kaggle/input/datasets/tawsifurrahman/covid19-radiography-database/COVID-19_Radiography_Dataset/Normal/images/Normal-7841.png,Normal,Normal,0.00021209396072663367,0.0010977113852277398,0.9986901879310608,8.618347813182936e-09,,,
/kaggle/input/datasets/tawsifurrahman/covid19-radiography-database/COVID-19_Radiography_Dataset/Normal/images/Normal-7858.png,Normal,Normal,0.054722268134355545,0.008566789329051971,0.9367097020149231,1.263099989046168e-06,,,
/kaggle/input/datasets/tawsifurrahman/covid19-radiography-database/COVID-19_Radiography_Dataset/Normal/images/Normal-7863.png,Normal,Normal,0.0002501509734429419,0.0022378237918019295,0.9975117444992065,2.9083639674354345e-07,,,
/kaggle/input/datasets/tawsifurrahman/covid19-radiography-database/COVID-19_Radiography_Dataset/Normal/images/Normal-7864.png,Normal,Normal,0.030805328860878944,0.0007094469619914889,0.9684842824935913,9.117774766309594e-07,,,
/kaggle/input/datasets/tawsifurrahman/covid19-radiography-database/COVID-19_Radiography_Dataset/Normal/images/Normal-7869.png,Normal,Normal,0.007343801204115152,0.008760282769799232,0.983864963054657,3.0910417990526184e-05,,0.4067499339580536,0.4067499339580536
/kaggle/input/datasets/tawsifurrahman/covid19-radiography-database/COVID-19_Radiography_Dataset/Normal/images/Normal-7880.png,Normal,Normal,0.00926853995770216,0.05261899530887604,0.9381122589111328,3.0475186463263526e-07,,0.40957120060920715,0.40957120060920715
/kaggle/input/datasets/tawsifurrahman/covid19-radiography-database/COVID-19_Radiography_Dataset/Normal/images/Normal-7885.png,Normal,Normal,0.0013971792068332434,0.013165625743567944,0.9854370951652527,1.252559229669714e-07,,,
/kaggle/input/datasets/tawsifurrahman/covid19-radiography-database/COVID-19_Radiography_Dataset/Normal/images/Normal-7887.png,Normal,Normal,0.017679130658507347,0.12930431962013245,0.8529342412948608,8.236356370616704e-05,,,
/kaggle/input/datasets/tawsifurrahman/covid19-radiography-database/COVID-19_Radiography_Dataset/Normal/images/Normal-7896.png,Normal,Lung_Opacity,0.011133458465337753,0.9600690603256226,0.02873641438782215,6.110472168074921e-05,,,
/kaggle/input/datasets/tawsifurrahman/covid19-radiography-database/COVID-19_Radiography_Dataset/Normal/images/Normal-7897.png,Normal,Normal,0.010514160618185997,0.004617695230990648,0.9848542213439941,1.390040142723592e-05,,,
/kaggle/input/datasets/tawsifurrahman/covid19-radiography-database/COVID-19_Radiography_Dataset/Normal/images/Normal-7901.png,Normal,Normal,3.308933082735166e-05,0.06620373576879501,0.9337456226348877,1.7593834854778834e-05,,,
/kaggle/input/datasets/tawsifurrahman/covid19-radiography-database/COVID-19_Radiography_Dataset/Normal/images/Normal-7907.png,Normal,Normal,0.30211904644966125,0.014035371132194996,0.6838410496711731,4.524521045823349e-06,,0.35397160053253174,0.35397160053253174
/kaggle/input/datasets/tawsifurrahman/covid19-radiography-database/COVID-19_Radiography_Dataset/Normal/images/Normal-791.png,Normal,Normal,1.1854415788548067e-05,0.0007978411158546805,0.9938037395477295,0.0053865984082221985,,,
/kaggle/input/datasets/tawsifurrahman/covid19-radiography-database/COVID-19_Radiography_Dataset/Normal/images/Normal-7914.png,Normal,Normal,0.039392631500959396,0.008988206274807453,0.9516136050224304,5.484231678565266e-06,,0.39431333541870117,0.39431333541870117
/kaggle/input/datasets/tawsifurrahman/covid19-radiography-database/COVID-19_Radiography_Dataset/Normal/images/Normal-7915.png,Normal,Normal,4.633575827028835e-06,0.0005719629116356373,0.9994232654571533,2.0048597093591525e-07,,0.3762420415878296,0.3762420415878296
/kaggle/input/datasets/tawsifurrahman/covid19-radiography-database/COVID-19_Radiography_Dataset/Normal/images/Normal-7920.png,Normal,Normal,0.0010446987580507994,0.006100497208535671,0.9928514957427979,3.3489372981421184e-06,,,
/kaggle/input/datasets/tawsifurrahman/covid19-radiography-database/COVID-19_Radiography_Dataset/Normal/images/Normal-7921.png,Normal,Normal,0.39875444769859314,0.007795197423547506,0.5934146046638489,3.5727949580177665e-05,,0.4890379309654236,0.4890379309654236
/kaggle/input/datasets/tawsifurrahman/covid19-radiography-database/COVID-19_Radiography_Dataset/Normal/images/Normal-7924.png,Normal,Normal,0.011039204895496368,0.008851787075400352,0.9800968766212463,1.2122869520680979e-05,,,
/kaggle/input/datasets/tawsifurrahman/covid19-radiography-database/COVID-19_Radiography_Dataset/Normal/images/Normal-7926.png,Normal,Normal,0.008641254156827927,0.002978130942210555,0.9883735775947571,7.049759915389586e-06,,,
/kaggle/input/datasets/tawsifurrahman/covid19-radiography-database/COVID-19_Radiography_Dataset/Normal/images/Normal-7930.png,Normal,Normal,0.000646397122181952,0.3459461033344269,0.6533699035644531,3.756430669454858e-05,,,
/kaggle/input/datasets/tawsifurrahman/covid19-radiography-database/COVID-19_Radiography_Dataset/Normal/images/Normal-7953.png,Normal,Normal,0.0032689040526747704,0.23130828142166138,0.7653893232345581,3.349556209286675e-05,,,
/kaggle/input/datasets/tawsifurrahman/covid19-radiography-database/COVID-19_Radiography_Dataset/Normal/images/Normal-796.png,Normal,Normal,0.280000239610672,0.03831608220934868,0.6318700313568115,0.04981358349323273,,0.34890130162239075,0.34890130162239075
/kaggle/input/datasets/tawsifurrahman/covid19-radiography-database/COVID-19_Radiography_Dataset/Normal/images/Normal-7965.png,Normal,Normal,0.0010498312767595053,0.11710947751998901,0.8818371295928955,3.5032503546972293e-06,,,
/kaggle/input/datasets/tawsifurrahman/covid19-radiography-database/COVID-19_Radiography_Dataset/Normal/images/Normal-7966.png,Normal,Normal,0.023082159459590912,0.07430272549390793,0.9026097059249878,5.453127869259333e-06,,,
/kaggle/input/datasets/tawsifurrahman/covid19-radiography-database/COVID-19_Radiography_Dataset/Normal/images/Normal-7970.png,Normal,Normal,0.09281094372272491,0.1887190192937851,0.7184668779373169,3.156840193696553e-06,,,
/kaggle/input/datasets/tawsifurrahman/covid19-radiography-database/COVID-19_Radiography_Dataset/Normal/images/Normal-7974.png,Normal,Normal,0.07105205208063126,0.21282966434955597,0.7161111235618591,7.149621978896903e-06,,0.39045873284339905,0.39045873284339905
/kaggle/input/datasets/tawsifurrahman/covid19-radiography-database/COVID-19_Radiography_Dataset/Normal/images/Normal-7984.png,Normal,Normal,0.07161343842744827,0.011921193450689316,0.9164579510688782,7.380379884125432e-06,,,
/kaggle/input/datasets/tawsifurrahman/covid19-radiography-database/COVID-19_Radiography_Dataset/Normal/images/Normal-7990.png,Normal,Normal,0.046866606920957565,0.08222419768571854,0.8709046840667725,4.470943167689256e-06,,,
/kaggle/input/datasets/tawsifurrahman/covid19-radiography-database/COVID-19_Radiography_Dataset/Normal/images/Normal-7991.png,Normal,Normal,0.21414735913276672,0.0016995638143271208,0.7841522097587585,7.810450597389718e-07,,,
/kaggle/input/datasets/tawsifurrahman/covid19-radiography-database/COVID-19_Radiography_Dataset/Normal/images/Normal-7992.png,Normal,Normal,0.19447961449623108,0.335864782333374,0.4696497619152069,5.82308939556242e-06,,,
/kaggle/input/datasets/tawsifurrahman/covid19-radiography-database/COVID-19_Radiography_Dataset/Normal/images/Normal-800.png,Normal,Normal,6.124824267317308e-06,1.1968676517426502e-05,0.9999465942382812,3.535295036272146e-05,,,
/kaggle/input/datasets/tawsifurrahman/covid19-radiography-database/COVID-19_Radiography_Dataset/Normal/images/Normal-8000.png,Normal,Normal,0.06457395106554031,0.1657167226076126,0.7688051462173462,0.00090418552281335,,0.41499853134155273,0.41499853134155273
/kaggle/input/datasets/tawsifurrahman/covid19-radiography-database/COVID-19_Radiography_Dataset/Normal/images/Normal-8007.png,Normal,Normal,0.03048797883093357,0.00714095588773489,0.9610577821731567,0.0013132956810295582,,,
/kaggle/input/datasets/tawsifurrahman/covid19-radiography-database/COVID-19_Radiography_Dataset/Normal/images/Normal-8012.png,Normal,Normal,0.0011615853291004896,0.0023479925002902746,0.9964902997016907,1.466092101054528e-07,,,
/kaggle/input/datasets/tawsifurrahman/covid19-radiography-database/COVID-19_Radiography_Dataset/Normal/images/Normal-8017.png,Normal,Normal,0.0027807136066257954,0.002599310129880905,0.9946178793907166,2.005933993132203e-06,,,
/kaggle/input/datasets/tawsifurrahman/covid19-radiography-database/COVID-19_Radiography_Dataset/Normal/images/Normal-8025.png,Normal,Normal,7.480692875105888e-05,0.021859096363186836,0.9780242443084717,4.17668888985645e-05,,,
/kaggle/input/datasets/tawsifurrahman/covid19-radiography-database/COVID-19_Radiography_Dataset/Normal/images/Normal-8031.png,Normal,Normal,0.0015687767881900072,0.015714392066001892,0.98271644115448,3.908255905571423e-07,,,
/kaggle/input/datasets/tawsifurrahman/covid19-radiography-database/COVID-19_Radiography_Dataset/Normal/images/Normal-8033.png,Normal,Normal,0.0005840964731760323,0.006162167526781559,0.9932354092597961,1.8367854863754474e-05,,0.34533149003982544,0.34533149003982544
/kaggle/input/datasets/tawsifurrahman/covid19-radiography-database/COVID-19_Radiography_Dataset/Normal/images/Normal-8057.png,Normal,Normal,0.0005257910233922303,0.010157966054975986,0.9893139600753784,2.3003747173788724e-06,,0.4403294026851654,0.4403294026851654
/kaggle/input/datasets/tawsifurrahman/covid19-radiography-database/COVID-19_Radiography_Dataset/Normal/images/Normal-8061.png,Normal,Normal,0.0001078319110092707,0.009661635383963585,0.990225613117218,5.009384040022269e-06,,0.4161766767501831,0.4161766767501831
/kaggle/input/datasets/tawsifurrahman/covid19-radiography-database/COVID-19_Radiography_Dataset/Normal/images/Normal-8063.png,Normal,Normal,0.0025768193881958723,0.015145234763622284,0.9822478890419006,3.0038971090107225e-05,,0.38710108399391174,0.38710108399391174
/kaggle/input/datasets/tawsifurrahman/covid19-radiography-database/COVID-19_Radiography_Dataset/Normal/images/Normal-807.png,Normal,Normal,7.388361700577661e-05,0.0004535093030426651,0.9372851252555847,0.0621875524520874,,0.33140090107917786,0.33140090107917786
/kaggle/input/datasets/tawsifurrahman/covid19-radiography-database/COVID-19_Radiography_Dataset/Normal/images/Normal-8071.png,Normal,COVID,0.8102431893348694,0.0021696332842111588,0.18758000433444977,7.193991677922895e-06,,0.46149539947509766,0.46149539947509766
/kaggle/input/datasets/tawsifurrahman/covid19-radiography-database/COVID-19_Radiography_Dataset/Normal/images/Normal-808.png,Normal,Normal,3.8558337109861895e-05,0.00030363586847670376,0.9928970336914062,0.006760687567293644,,0.22126828134059906,0.22126828134059906
/kaggle/input/datasets/tawsifurrahman/covid19-radiography-database/COVID-19_Radiography_Dataset/Normal/images/Normal-8081.png,Normal,Normal,0.0025271696504205465,0.004979036282747984,0.9924733638763428,2.0429382857400924e-05,,0.4043179452419281,0.4043179452419281
/kaggle/input/datasets/tawsifurrahman/covid19-radiography-database/COVID-19_Radiography_Dataset/Normal/images/Normal-8084.png,Normal,Normal,6.607581781281624e-06,0.2290116846561432,0.7709808945655823,8.289839570352342e-07,,,
/kaggle/input/datasets/tawsifurrahman/covid19-radiography-database/COVID-19_Radiography_Dataset/Normal/images/Normal-81.png,Normal,Normal,0.00018824002472683787,0.00018117738363798708,0.9993007183074951,0.00032986028236337006,,,
/kaggle/input/datasets/tawsifurrahman/covid19-radiography-database/COVID-19_Radiography_Dataset/Normal/images/Normal-8100.png,Normal,Normal,0.0004317260754760355,0.0062647308222949505,0.9932675361633301,3.603010191000067e-05,,0.5935357213020325,0.5935357213020325
/kaggle/input/datasets/tawsifurrahman/covid19-radiography-database/COVID-19_Radiography_Dataset/Normal/images/Normal-8102.png,Normal,Normal,0.04596148058772087,0.027221038937568665,0.9268172383308411,1.772853721604406e-07,,,
/kaggle/input/datasets/tawsifurrahman/covid19-radiography-database/COVID-19_Radiography_Dataset/Normal/images/Normal-8115.png,Normal,Normal,0.000988796353340149,0.04679088667035103,0.9522006511688232,1.958272150659468e-05,,,
/kaggle/input/datasets/tawsifurrahman/covid19-radiography-database/COVID-19_Radiography_Dataset/Normal/images/Normal-8119.png,Normal,Normal,0.002183312550187111,0.043169062584638596,0.9546363353729248,1.1327934771543369e-05,,,
/kaggle/input/datasets/tawsifurrahman/covid19-radiography-database/COVID-19_Radiography_Dataset/Normal/images/Normal-8138.png,Normal,Normal,0.09275394678115845,0.3480815291404724,0.5586490631103516,0.0005154384998604655,,,
/kaggle/input/datasets/tawsifurrahman/covid19-radiography-database/COVID-19_Radiography_Dataset/Normal/images/Normal-814.png,Normal,Normal,0.002224670723080635,0.0002195155102526769,0.9940078258514404,0.003547989297658205,,,
/kaggle/input/datasets/tawsifurrahman/covid19-radiography-database/COVID-19_Radiography_Dataset/Normal/images/Normal-8148.png,Normal,Normal,0.0060174306854605675,0.08085078746080399,0.9131186008453369,1.3135701919964049e-05,,,
/kaggle/input/datasets/tawsifurrahman/covid19-radiography-database/COVID-19_Radiography_Dataset/Normal/images/Normal-8157.png,Normal,Normal,0.00014356289466377348,0.0061485678888857365,0.9937050938606262,2.7537655569176422e-06,,,
/kaggle/input/datasets/tawsifurrahman/covid19-radiography-database/COVID-19_Radiography_Dataset/Normal/images/Normal-8159.png,Normal,Normal,7.25056679584668e-06,0.0003415919200051576,0.9996508359909058,2.655222033354221e-07,,,
/kaggle/input/datasets/tawsifurrahman/covid19-radiography-database/COVID-19_Radiography_Dataset/Normal/images/Normal-817.png,Normal,Normal,0.051153022795915604,0.006543431896716356,0.9420700073242188,0.0002335208118893206,,0.4473327398300171,0.4473327398300171
/kaggle/input/datasets/tawsifurrahman/covid19-radiography-database/COVID-19_Radiography_Dataset/Normal/images/Normal-8175.png,Normal,Normal,0.002065539825707674,0.016868770122528076,0.9810640811920166,1.7033831909429864e-06,,,
/kaggle/input/datasets/tawsifurrahman/covid19-radiography-database/COVID-19_Radiography_Dataset/Normal/images/Normal-8177.png,Normal,Lung_Opacity,0.0017527841264382005,0.6225221753120422,0.37492483854293823,0.0008002460235729814,,,
/kaggle/input/datasets/tawsifurrahman/covid19-radiography-database/COVID-19_Radiography_Dataset/Normal/images/Normal-8185.png,Normal,Normal,0.11917969584465027,0.020805222913622856,0.8599663376808167,4.8723544750828296e-05,,,
/kaggle/input/datasets/tawsifurrahman/covid19-radiography-database/COVID-19_Radiography_Dataset/Normal/images/Normal-8221.png,Normal,Normal,0.007644354831427336,0.012691701762378216,0.9796492457389832,1.4661846762464847e-05,,0.427273154258728,0.427273154258728
/kaggle/input/datasets/tawsifurrahman/covid19-radiography-database/COVID-19_Radiography_Dataset/Normal/images/Normal-8231.png,Normal,Normal,8.599855209467933e-05,0.00693746842443943,0.9929763078689575,1.667823994466744e-07,,,
/kaggle/input/datasets/tawsifurrahman/covid19-radiography-database/COVID-19_Radiography_Dataset/Normal/images/Normal-8232.png,Normal,Normal,0.006843949668109417,0.010895557701587677,0.9822409749031067,1.9566101400414482e-05,,,
/kaggle/input/datasets/tawsifurrahman/covid19-radiography-database/COVID-19_Radiography_Dataset/Normal/images/Normal-8237.png,Normal,Normal,0.009602978825569153,0.0027490744832903147,0.987646222114563,1.7440264628021396e-06,,,
/kaggle/input/datasets/tawsifurrahman/covid19-radiography-database/COVID-19_Radiography_Dataset/Normal/images/Normal-8244.png,Normal,Normal,0.004236054606735706,0.0133076012134552,0.9824474453926086,8.96479468792677e-06,,,
/kaggle/input/datasets/tawsifurrahman/covid19-radiography-database/COVID-19_Radiography_Dataset/Normal/images/Normal-8249.png,Normal,Normal,0.017436521127820015,0.006066983100026846,0.9764962792396545,2.2566436541637813e-07,,,
/kaggle/input/datasets/tawsifurrahman/covid19-radiography-database/COVID-19_Radiography_Dataset/Normal/images/Normal-8250.png,Normal,Normal,0.003010479034855962,0.013034151867032051,0.9839552044868469,1.2754988176766346e-07,,,
/kaggle/input/datasets/tawsifurrahman/covid19-radiography-database/COVID-19_Radiography_Dataset/Normal/images/Normal-8252.png,Normal,Normal,0.00026048615109175444,0.0026812944561243057,0.9970568418502808,1.2846772960983799e-06,,0.5098916888237,0.5098916888237
/kaggle/input/datasets/tawsifurrahman/covid19-radiography-database/COVID-19_Radiography_Dataset/Normal/images/Normal-8260.png,Normal,Normal,1.4067255506233778e-05,0.08550897985696793,0.9144755601882935,1.3805822618451202e-06,,0.20669595897197723,0.20669595897197723
/kaggle/input/datasets/tawsifurrahman/covid19-radiography-database/COVID-19_Radiography_Dataset/Normal/images/Normal-8275.png,Normal,Normal,0.007957647554576397,0.11991026997566223,0.8719852566719055,0.00014682515757158399,,,
/kaggle/input/datasets/tawsifurrahman/covid19-radiography-database/COVID-19_Radiography_Dataset/Normal/images/Normal-828.png,Normal,COVID,0.9323563575744629,0.007108120247721672,0.05977525934576988,0.0007602492696605623,,,
/kaggle/input/datasets/tawsifurrahman/covid19-radiography-database/COVID-19_Radiography_Dataset/Normal/images/Normal-8286.png,Normal,Normal,0.010445716790854931,0.0032313712872564793,0.9863221645355225,7.619293000971084e-07,,,
/kaggle/input/datasets/tawsifurrahman/covid19-radiography-database/COVID-19_Radiography_Dataset/Normal/images/Normal-8294.png,Normal,Normal,0.007293393835425377,0.017217015847563744,0.9754601120948792,2.9448770874296315e-05,,,
/kaggle/input/datasets/tawsifurrahman/covid19-radiography-database/COVID-19_Radiography_Dataset/Normal/images/Normal-8317.png,Normal,Normal,0.0160202756524086,0.0028337384574115276,0.9811456799507141,3.283693956745992e-07,,0.44882431626319885,0.44882431626319885
/kaggle/input/datasets/tawsifurrahman/covid19-radiography-database/COVID-19_Radiography_Dataset/Normal/images/Normal-8320.png,Normal,Normal,0.19012299180030823,0.2635829746723175,0.5443594455718994,0.0019345772452652454,,,
/kaggle/input/datasets/tawsifurrahman/covid19-radiography-database/COVID-19_Radiography_Dataset/Normal/images/Normal-8322.png,Normal,Normal,0.003653035033494234,0.003912464715540409,0.9924317598342896,2.722507360886084e-06,,0.4945330321788788,0.4945330321788788
/kaggle/input/datasets/tawsifurrahman/covid19-radiography-database/COVID-19_Radiography_Dataset/Normal/images/Normal-833.png,Normal,Normal,0.00036869783070869744,0.0009881587466225028,0.9925194978713989,0.006123628467321396,,,
/kaggle/input/datasets/tawsifurrahman/covid19-radiography-database/COVID-19_Radiography_Dataset/Normal/images/Normal-8354.png,Normal,Normal,0.0045370967127382755,0.13743039965629578,0.8442654609680176,0.013767003081738949,,,
/kaggle/input/datasets/tawsifurrahman/covid19-radiography-database/COVID-19_Radiography_Dataset/Normal/images/Normal-8360.png,Normal,Normal,0.01274129282683134,0.021003419533371925,0.966171383857727,8.386928675463423e-05,,,
/kaggle/input/datasets/tawsifurrahman/covid19-radiography-database/COVID-19_Radiography_Dataset/Normal/images/Normal-8370.png,Normal,Normal,5.791182775283232e-05,0.017324253916740417,0.9826176762580872,1.6796582258393755e-07,,,
/kaggle/input/datasets/tawsifurrahman/covid19-radiography-database/COVID-19_Radiography_Dataset/Normal/images/Normal-8371.png,Normal,Normal,1.0100197869178373e-05,0.005339113064110279,0.9946507811546326,4.904813977191225e-08,,,
/kaggle/input/datasets/tawsifurrahman/covid19-radiography-database/COVID-19_Radiography_Dataset/Normal/images/Normal-8388.png,Normal,Normal,1.643064751988277e-05,0.002397222677245736,0.9975720047950745,1.4324068615678698e-05,,,
/kaggle/input/datasets/tawsifurrahman/covid19-radiography-database/COVID-19_Radiography_Dataset/Normal/images/Normal-8389.png,Normal,Normal,5.6228625908261165e-05,0.14211994409561157,0.8577940464019775,2.9743054255959578e-05,,,
/kaggle/input/datasets/tawsifurrahman/covid19-radiography-database/COVID-19_Radiography_Dataset/Normal/images/Normal-8403.png,Normal,Normal,0.02877584844827652,0.006714870687574148,0.9645035862922668,5.638927632389823e-06,,,
/kaggle/input/datasets/tawsifurrahman/covid19-radiography-database/COVID-19_Radiography_Dataset/Normal/images/Normal-8405.png,Normal,Normal,0.0098353810608387,0.11521343141794205,0.8749337792396545,1.7343316358164884e-05,,0.4696704149246216,0.4696704149246216
/kaggle/input/datasets/tawsifurrahman/covid19-radiography-database/COVID-19_Radiography_Dataset/Normal/images/Normal-8437.png,Normal,Normal,0.000723478733561933,0.015241485089063644,0.983876645565033,0.00015845235611777753,,,
/kaggle/input/datasets/tawsifurrahman/covid19-radiography-database/COVID-19_Radiography_Dataset/Normal/images/Normal-8443.png,Normal,Normal,0.021957380697131157,0.013378268107771873,0.9645940065383911,7.036179158603773e-05,,,
/kaggle/input/datasets/tawsifurrahman/covid19-radiography-database/COVID-19_Radiography_Dataset/Normal/images/Normal-845.png,Normal,Normal,4.0080045437207446e-05,0.0003471185627859086,0.9888775944709778,0.010735269635915756,,0.2688142657279968,0.2688142657279968
/kaggle/input/datasets/tawsifurrahman/covid19-radiography-database/COVID-19_Radiography_Dataset/Normal/images/Normal-8458.png,Normal,Normal,0.40243518352508545,0.0723222866654396,0.524127185344696,0.0011153517989441752,,,
/kaggle/input/datasets/tawsifurrahman/covid19-radiography-database/COVID-19_Radiography_Dataset/Normal/images/Normal-8460.png,Normal,Normal,0.00465400842949748,0.014533842913806438,0.9805826544761658,0.00022951237042434514,,0.3947422206401825,0.3947422206401825
/kaggle/input/datasets/tawsifurrahman/covid19-radiography-database/COVID-19_Radiography_Dataset/Normal/images/Normal-8469.png,Normal,Normal,0.0025403317995369434,0.018711013719439507,0.9787443280220032,4.292459834687179e-06,,,
/kaggle/input/datasets/tawsifurrahman/covid19-radiography-database/COVID-19_Radiography_Dataset/Normal/images/Normal-847.png,Normal,Normal,0.0003226904373150319,0.0012394468067213893,0.9835357666015625,0.014902183786034584,,0.17764097452163696,0.17764097452163696
/kaggle/input/datasets/tawsifurrahman/covid19-radiography-database/COVID-19_Radiography_Dataset/Normal/images/Normal-8473.png,Normal,Normal,0.024608539417386055,0.05976007133722305,0.9156016707420349,2.969624438264873e-05,,,
/kaggle/input/datasets/tawsifurrahman/covid19-radiography-database/COVID-19_Radiography_Dataset/Normal/images/Normal-8474.png,Normal,Normal,0.03733198344707489,0.0022555242758244276,0.9604073762893677,5.225810582487611e-06,,,
/kaggle/input/datasets/tawsifurrahman/covid19-radiography-database/COVID-19_Radiography_Dataset/Normal/images/Normal-8487.png,Normal,Normal,0.00015285631525330245,0.019400646910071373,0.9804099202156067,3.6498953704722226e-05,,,
/kaggle/input/datasets/tawsifurrahman/covid19-radiography-database/COVID-19_Radiography_Dataset/Normal/images/Normal-849.png,Normal,Normal,4.6731285692658275e-05,0.0017527599120512605,0.9107962846755981,0.0874042809009552,,0.3787705600261688,0.3787705600261688
/kaggle/input/datasets/tawsifurrahman/covid19-radiography-database/COVID-19_Radiography_Dataset/Normal/images/Normal-8513.png,Normal,Normal,0.20424434542655945,0.018377650529146194,0.777363657951355,1.432328008377226e-05,,,
/kaggle/input/datasets/tawsifurrahman/covid19-radiography-database/COVID-19_Radiography_Dataset/Normal/images/Normal-8527.png,Normal,Normal,0.00028200398082844913,0.009436403401196003,0.990281343460083,1.5986444168447633e-07,,,
/kaggle/input/datasets/tawsifurrahman/covid19-radiography-database/COVID-19_Radiography_Dataset/Normal/images/Normal-8540.png,Normal,Normal,0.11963049322366714,0.14941275119781494,0.7307419180870056,0.0002148367784684524,,,
/kaggle/input/datasets/tawsifurrahman/covid19-radiography-database/COVID-19_Radiography_Dataset/Normal/images/Normal-8549.png,Normal,Normal,0.04429321736097336,0.01839100569486618,0.9373140335083008,1.7382561736667412e-06,,0.4554487466812134,0.4554487466812134
/kaggle/input/datasets/tawsifurrahman/covid19-radiography-database/COVID-19_Radiography_Dataset/Normal/images/Normal-8559.png,Normal,Normal,2.4698010747670196e-05,0.004329050425440073,0.9956346154212952,1.1692966836562846e-05,,,
/kaggle/input/datasets/tawsifurrahman/covid19-radiography-database/COVID-19_Radiography_Dataset/Normal/images/Normal-856.png,Normal,Normal,5.949969636276364e-05,2.9089656891301274e-05,0.9994770884513855,0.0004344497574493289,,,
/kaggle/input/datasets/tawsifurrahman/covid19-radiography-database/COVID-19_Radiography_Dataset/Normal/images/Normal-8563.png,Normal,Normal,0.005538460798561573,0.20455507934093475,0.7889601588249207,0.000946305226534605,,,
/kaggle/input/datasets/tawsifurrahman/covid19-radiography-database/COVID-19_Radiography_Dataset/Normal/images/Normal-8569.png,Normal,Normal,0.028279541060328484,0.047585196793079376,0.9241004586219788,3.480601662886329e-05,,0.42577990889549255,0.42577990889549255
/kaggle/input/datasets/tawsifurrahman/covid19-radiography-database/COVID-19_Radiography_Dataset/Normal/images/Normal-8579.png,Normal,Normal,0.0001372615952277556,0.012273134663701057,0.9875895977020264,2.049252323388373e-08,,,
/kaggle/input/datasets/tawsifurrahman/covid19-radiography-database/COVID-19_Radiography_Dataset/Normal/images/Normal-8589.png,Normal,COVID,0.5021271109580994,0.002784688025712967,0.4948313534259796,0.0002568586787674576,,,
/kaggle/input/datasets/tawsifurrahman/covid19-radiography-database/COVID-19_Radiography_Dataset/Normal/images/Normal-8593.png,Normal,Normal,0.0030802330002188683,0.009497169405221939,0.9874212741851807,1.2854974329457036e-06,,,
/kaggle/input/datasets/tawsifurrahman/covid19-radiography-database/COVID-19_Radiography_Dataset/Normal/images/Normal-8596.png,Normal,Normal,0.0011437686625868082,0.018500467762351036,0.9803515076637268,4.2389865484437905e-06,,,
/kaggle/input/datasets/tawsifurrahman/covid19-radiography-database/COVID-19_Radiography_Dataset/Normal/images/Normal-8597.png,Normal,Normal,0.09705318510532379,0.002289757365360856,0.9006478786468506,9.107772712013684e-06,,0.3707050085067749,0.3707050085067749
/kaggle/input/datasets/tawsifurrahman/covid19-radiography-database/COVID-19_Radiography_Dataset/Normal/images/Normal-8598.png,Normal,Normal,0.028656667098402977,0.010685745626688004,0.9605810046195984,7.664570875931531e-05,,,
/kaggle/input/datasets/tawsifurrahman/covid19-radiography-database/COVID-19_Radiography_Dataset/Normal/images/Normal-86.png,Normal,Normal,0.0003848375054076314,0.0007591169560328126,0.9983910918235779,0.00046496602590195835,,,
/kaggle/input/datasets/tawsifurrahman/covid19-radiography-database/COVID-19_Radiography_Dataset/Normal/images/Normal-8604.png,Normal,Normal,0.0001916226901812479,0.004964620340615511,0.9948434829711914,2.719804683692928e-07,,0.5298259258270264,0.5298259258270264
/kaggle/input/datasets/tawsifurrahman/covid19-radiography-database/COVID-19_Radiography_Dataset/Normal/images/Normal-8610.png,Normal,Normal,0.0004578807856887579,0.03217113018035889,0.9673708081245422,1.9387620397992578e-07,,,
/kaggle/input/datasets/tawsifurrahman/covid19-radiography-database/COVID-19_Radiography_Dataset/Normal/images/Normal-8614.png,Normal,Normal,0.0002224356576334685,0.0033529368229210377,0.9964165687561035,7.983949217305053e-06,,,
/kaggle/input/datasets/tawsifurrahman/covid19-radiography-database/COVID-19_Radiography_Dataset/Normal/images/Normal-8616.png,Normal,Normal,0.0003627210680861026,0.0015372894704341888,0.9980997443199158,1.491789731744575e-07,,0.5020387768745422,0.5020387768745422
/kaggle/input/datasets/tawsifurrahman/covid19-radiography-database/COVID-19_Radiography_Dataset/Normal/images/Normal-8619.png,Normal,Normal,0.0006513377884402871,0.006479621399194002,0.9928656816482544,3.4019835766230244e-06,,,
/kaggle/input/datasets/tawsifurrahman/covid19-radiography-database/COVID-19_Radiography_Dataset/Normal/images/Normal-862.png,Normal,Normal,0.006676497403532267,0.0013788494979962707,0.9299929738044739,0.061951640993356705,,0.43169930577278137,0.43169930577278137
/kaggle/input/datasets/tawsifurrahman/covid19-radiography-database/COVID-19_Radiography_Dataset/Normal/images/Normal-8623.png,Normal,Normal,9.411574865225703e-06,0.20159591734409332,0.7982251048088074,0.00016956184117589146,,,
/kaggle/input/datasets/tawsifurrahman/covid19-radiography-database/COVID-19_Radiography_Dataset/Normal/images/Normal-8649.png,Normal,Normal,0.00025626312708482146,0.057261716574430466,0.9424806237220764,1.4452544974119519e-06,,,
/kaggle/input/datasets/tawsifurrahman/covid19-radiography-database/COVID-19_Radiography_Dataset/Normal/images/Normal-865.png,Normal,Normal,0.0005851169698871672,0.006911429576575756,0.9793195128440857,0.013183966279029846,,,
/kaggle/input/datasets/tawsifurrahman/covid19-radiography-database/COVID-19_Radiography_Dataset/Normal/images/Normal-8650.png,Normal,Normal,0.007299542427062988,0.1471910923719406,0.8455086350440979,7.266147576956428e-07,,,
/kaggle/input/datasets/tawsifurrahman/covid19-radiography-database/COVID-19_Radiography_Dataset/Normal/images/Normal-8663.png,Normal,Normal,0.0067812371999025345,0.0024589928798377514,0.9907186627388,4.1139810491586104e-05,,,
/kaggle/input/datasets/tawsifurrahman/covid19-radiography-database/COVID-19_Radiography_Dataset/Normal/images/Normal-8673.png,Normal,Normal,0.1501748263835907,0.06486673653125763,0.7849420309066772,1.6441495972685516e-05,,,
/kaggle/input/datasets/tawsifurrahman/covid19-radiography-database/COVID-19_Radiography_Dataset/Normal/images/Normal-8676.png,Normal,Normal,0.33694323897361755,0.017459088936448097,0.6451137065887451,0.00048396267811767757,,0.7171547412872314,0.7171547412872314
/kaggle/input/datasets/tawsifurrahman/covid19-radiography-database/COVID-19_Radiography_Dataset/Normal/images/Normal-8678.png,Normal,Normal,0.0021461343858391047,0.05551891401410103,0.942333996295929,9.51589527176111e-07,,0.40912991762161255,0.40912991762161255
/kaggle/input/datasets/tawsifurrahman/covid19-radiography-database/COVID-19_Radiography_Dataset/Normal/images/Normal-8689.png,Normal,Normal,0.066275455057621,0.017035571858286858,0.9166878461837769,1.1368047125870362e-06,,,
/kaggle/input/datasets/tawsifurrahman/covid19-radiography-database/COVID-19_Radiography_Dataset/Normal/images/Normal-8695.png,Normal,Normal,0.009044422768056393,0.0015660302015021443,0.9893831610679626,6.404727628250839e-06,,,
/kaggle/input/datasets/tawsifurrahman/covid19-radiography-database/COVID-19_Radiography_Dataset/Normal/images/Normal-8701.png,Normal,Normal,9.405574382981285e-05,0.03953079506754875,0.9584975838661194,0.001877555507235229,,0.5390969514846802,0.5390969514846802
/kaggle/input/datasets/tawsifurrahman/covid19-radiography-database/COVID-19_Radiography_Dataset/Normal/images/Normal-8703.png,Normal,Normal,1.6732094081817195e-05,0.03468485549092293,0.9652947187423706,3.7133115711185383e-06,,,
/kaggle/input/datasets/tawsifurrahman/covid19-radiography-database/COVID-19_Radiography_Dataset/Normal/images/Normal-8711.png,Normal,Normal,0.000365798594430089,0.013020556420087814,0.9866132140159607,3.880356018726161e-07,,,
/kaggle/input/datasets/tawsifurrahman/covid19-radiography-database/COVID-19_Radiography_Dataset/Normal/images/Normal-8743.png,Normal,Normal,0.0002129508793586865,0.0011064627906307578,0.9986787438392639,1.7704002175378264e-06,,0.35249823331832886,0.35249823331832886
/kaggle/input/datasets/tawsifurrahman/covid19-radiography-database/COVID-19_Radiography_Dataset/Normal/images/Normal-8761.png,Normal,Normal,2.4351784304599278e-05,0.12239580601453781,0.8775337934494019,4.5973229134688154e-05,,0.341535359621048,0.341535359621048
/kaggle/input/datasets/tawsifurrahman/covid19-radiography-database/COVID-19_Radiography_Dataset/Normal/images/Normal-8763.png,Normal,Normal,0.2003067582845688,0.04487459361553192,0.754367470741272,0.0004511958686634898,,,
/kaggle/input/datasets/tawsifurrahman/covid19-radiography-database/COVID-19_Radiography_Dataset/Normal/images/Normal-8766.png,Normal,Normal,0.001941048540174961,0.004237546119838953,0.9899579882621765,0.0038634203374385834,,,
/kaggle/input/datasets/tawsifurrahman/covid19-radiography-database/COVID-19_Radiography_Dataset/Normal/images/Normal-8776.png,Normal,Normal,0.0155039606615901,0.016161946579813957,0.9679940938949585,0.00033998279832303524,,,
/kaggle/input/datasets/tawsifurrahman/covid19-radiography-database/COVID-19_Radiography_Dataset/Normal/images/Normal-879.png,Normal,Normal,5.079155380371958e-05,0.00019557859923224896,0.9993333220481873,0.00042030506301671267,,,
/kaggle/input/datasets/tawsifurrahman/covid19-radiography-database/COVID-19_Radiography_Dataset/Normal/images/Normal-8794.png,Normal,Normal,0.0004292491066735238,0.0015289922012016177,0.9980403780937195,1.3365918221097672e-06,,,
/kaggle/input/datasets/tawsifurrahman/covid19-radiography-database/COVID-19_Radiography_Dataset/Normal/images/Normal-8796.png,Normal,Normal,7.389408710878342e-05,0.0005143604939803481,0.9994115829467773,1.951929817778364e-07,,,
/kaggle/input/datasets/tawsifurrahman/covid19-radiography-database/COVID-19_Radiography_Dataset/Normal/images/Normal-8801.png,Normal,Normal,0.003338642418384552,0.024598484858870506,0.972062885761261,6.451358558479114e-08,,,
/kaggle/input/datasets/tawsifurrahman/covid19-radiography-database/COVID-19_Radiography_Dataset/Normal/images/Normal-8804.png,Normal,Normal,0.0005457392544485629,0.1105336844921112,0.8889141082763672,6.495825346064521e-06,,0.3420294523239136,0.3420294523239136
/kaggle/input/datasets/tawsifurrahman/covid19-radiography-database/COVID-19_Radiography_Dataset/Normal/images/Normal-8812.png,Normal,Normal,0.005585379432886839,0.008356827311217785,0.9860563278198242,1.4821229115113965e-06,,,
/kaggle/input/datasets/tawsifurrahman/covid19-radiography-database/COVID-19_Radiography_Dataset/Normal/images/Normal-8815.png,Normal,Normal,0.0040796734392642975,0.012332308106124401,0.9835816621780396,6.325049071165267e-06,,,
/kaggle/input/datasets/tawsifurrahman/covid19-radiography-database/COVID-19_Radiography_Dataset/Normal/images/Normal-8827.png,Normal,Normal,0.003316253889352083,0.037920933216810226,0.9587603211402893,2.6010627607320203e-06,,0.519135057926178,0.519135057926178
/kaggle/input/datasets/tawsifurrahman/covid19-radiography-database/COVID-19_Radiography_Dataset/Normal/images/Normal-8828.png,Normal,Normal,0.005571160931140184,0.001613478409126401,0.9928131699562073,2.1217813355178805e-06,,0.5708755254745483,0.5708755254745483
/kaggle/input/datasets/tawsifurrahman/covid19-radiography-database/COVID-19_Radiography_Dataset/Normal/images/Normal-8835.png,Normal,Normal,0.002364648738875985,0.14644384384155273,0.8511855602264404,6.010743618389824e-06,,0.5081771016120911,0.5081771016120911
/kaggle/input/datasets/tawsifurrahman/covid19-radiography-database/COVID-19_Radiography_Dataset/Normal/images/Normal-8843.png,Normal,Normal,0.014881988056004047,0.003004004480317235,0.9821120500564575,1.8952252958115423e-06,,0.4099900424480438,0.4099900424480438
/kaggle/input/datasets/tawsifurrahman/covid19-radiography-database/COVID-19_Radiography_Dataset/Normal/images/Normal-8848.png,Normal,Normal,0.096575528383255,0.021094441413879395,0.8822774887084961,5.250512913335115e-05,,,
/kaggle/input/datasets/tawsifurrahman/covid19-radiography-database/COVID-19_Radiography_Dataset/Normal/images/Normal-8866.png,Normal,Normal,0.007641609292477369,0.026963533833622932,0.9652730822563171,0.0001217892931890674,,,
/kaggle/input/datasets/tawsifurrahman/covid19-radiography-database/COVID-19_Radiography_Dataset/Normal/images/Normal-8875.png,Normal,Normal,0.0014867380959913135,0.014970597811043262,0.9834554195404053,8.735494338907301e-05,,0.42475539445877075,0.42475539445877075
/kaggle/input/datasets/tawsifurrahman/covid19-radiography-database/COVID-19_Radiography_Dataset/Normal/images/Normal-8884.png,Normal,Normal,0.00014567101607099175,0.12856167554855347,0.8712910413742065,1.6855897229106631e-06,,,
/kaggle/input/datasets/tawsifurrahman/covid19-radiography-database/COVID-19_Radiography_Dataset/Normal/images/Normal-8888.png,Normal,Normal,0.034737229347229004,0.0756598562002182,0.889590322971344,1.2637278814509045e-05,,,
/kaggle/input/datasets/tawsifurrahman/covid19-radiography-database/COVID-19_Radiography_Dataset/Normal/images/Normal-8897.png,Normal,Normal,0.028343355283141136,0.023115117102861404,0.9484134912490845,0.00012802158016711473,,,
/kaggle/input/datasets/tawsifurrahman/covid19-radiography-database/COVID-19_Radiography_Dataset/Normal/images/Normal-8902.png,Normal,Normal,0.004773643333464861,0.005932442378252745,0.9892893433570862,4.463902769202832e-06,,,
/kaggle/input/datasets/tawsifurrahman/covid19-radiography-database/COVID-19_Radiography_Dataset/Normal/images/Normal-8911.png,Normal,Normal,0.007124905474483967,0.0061441147699952126,0.9867107272148132,2.0318899260018952e-05,,,
/kaggle/input/datasets/tawsifurrahman/covid19-radiography-database/COVID-19_Radiography_Dataset/Normal/images/Normal-8914.png,Normal,Normal,0.09235978871583939,0.0006989915273152292,0.9067877531051636,0.00015351627371273935,,0.6731112003326416,0.6731112003326416
/kaggle/input/datasets/tawsifurrahman/covid19-radiography-database/COVID-19_Radiography_Dataset/Normal/images/Normal-8915.png,Normal,Normal,0.0036739306524395943,0.263493150472641,0.7328117489814758,2.1189132894505747e-05,,,
/kaggle/input/datasets/tawsifurrahman/covid19-radiography-database/COVID-19_Radiography_Dataset/Normal/images/Normal-8917.png,Normal,Normal,0.00032548472518101335,0.4293716251850128,0.5701607465744019,0.0001421259657945484,,0.18407051265239716,0.18407051265239716
/kaggle/input/datasets/tawsifurrahman/covid19-radiography-database/COVID-19_Radiography_Dataset/Normal/images/Normal-8919.png,Normal,Normal,0.003031538100913167,0.0007551482995040715,0.996209979057312,3.3020044156728545e-06,,,
/kaggle/input/datasets/tawsifurrahman/covid19-radiography-database/COVID-19_Radiography_Dataset/Normal/images/Normal-8940.png,Normal,Normal,0.0011237628059461713,0.019311226904392242,0.979564905166626,1.3863258629953634e-07,,,
/kaggle/input/datasets/tawsifurrahman/covid19-radiography-database/COVID-19_Radiography_Dataset/Normal/images/Normal-8943.png,Normal,Normal,0.017841769382357597,0.050349317491054535,0.931806743144989,2.1465516510943417e-06,,,
/kaggle/input/datasets/tawsifurrahman/covid19-radiography-database/COVID-19_Radiography_Dataset/Normal/images/Normal-8948.png,Normal,Normal,0.00023708092339802533,0.008818837814033031,0.9908457398414612,9.839536505751312e-05,,,
/kaggle/input/datasets/tawsifurrahman/covid19-radiography-database/COVID-19_Radiography_Dataset/Normal/images/Normal-8950.png,Normal,Normal,0.22428718209266663,0.027970701456069946,0.7477244138717651,1.7757029127096757e-05,,0.4657880663871765,0.4657880663871765
/kaggle/input/datasets/tawsifurrahman/covid19-radiography-database/COVID-19_Radiography_Dataset/Normal/images/Normal-8959.png,Normal,Normal,0.0011636370327323675,0.009290937334299088,0.9895454049110413,3.2504658520338126e-08,,,
/kaggle/input/datasets/tawsifurrahman/covid19-radiography-database/COVID-19_Radiography_Dataset/Normal/images/Normal-8960.png,Normal,Normal,5.869976303074509e-05,0.0031159708742052317,0.9967840909957886,4.121540769119747e-05,,,
/kaggle/input/datasets/tawsifurrahman/covid19-radiography-database/COVID-19_Radiography_Dataset/Normal/images/Normal-8961.png,Normal,Normal,0.03852931037545204,0.04186858609318733,0.9192274808883667,0.00037456469726748765,,,
/kaggle/input/datasets/tawsifurrahman/covid19-radiography-database/COVID-19_Radiography_Dataset/Normal/images/Normal-8964.png,Normal,Normal,0.00011956536036450416,0.023489775136113167,0.9763435125350952,4.713869566330686e-05,,,
/kaggle/input/datasets/tawsifurrahman/covid19-radiography-database/COVID-19_Radiography_Dataset/Normal/images/Normal-8991.png,Normal,Normal,0.0004946207045577466,0.04278533160686493,0.9567140936851501,5.948816124146106e-06,,0.38220348954200745,0.38220348954200745
/kaggle/input/datasets/tawsifurrahman/covid19-radiography-database/COVID-19_Radiography_Dataset/Normal/images/Normal-8992.png,Normal,Lung_Opacity,4.882771099801175e-05,0.5654491186141968,0.43409764766693115,0.0004044600354973227,,,
/kaggle/input/datasets/tawsifurrahman/covid19-radiography-database/COVID-19_Radiography_Dataset/Normal/images/Normal-9003.png,Normal,Normal,0.057874519377946854,0.0031739231199026108,0.9389511346817017,4.0476197682437487e-07,,,
/kaggle/input/datasets/tawsifurrahman/covid19-radiography-database/COVID-19_Radiography_Dataset/Normal/images/Normal-9015.png,Normal,Normal,0.0005705410148948431,0.004136901348829269,0.9952685236930847,2.3988484826986678e-05,,,
/kaggle/input/datasets/tawsifurrahman/covid19-radiography-database/COVID-19_Radiography_Dataset/Normal/images/Normal-9018.png,Normal,Normal,0.0021385778672993183,0.0026572642382234335,0.9952025413513184,1.685365532466676e-06,,0.5262861251831055,0.5262861251831055
/kaggle/input/datasets/tawsifurrahman/covid19-radiography-database/COVID-19_Radiography_Dataset/Normal/images/Normal-9023.png,Normal,Normal,0.2682619094848633,0.11299470067024231,0.6187137961387634,2.9570979677373543e-05,,,
/kaggle/input/datasets/tawsifurrahman/covid19-radiography-database/COVID-19_Radiography_Dataset/Normal/images/Normal-903.png,Normal,Viral Pneumonia,0.0005267261294648051,0.00016760805738158524,0.03487658128142357,0.9644290804862976,,,
/kaggle/input/datasets/tawsifurrahman/covid19-radiography-database/COVID-19_Radiography_Dataset/Normal/images/Normal-9032.png,Normal,Normal,0.002431940520182252,0.0008064698777161539,0.9967591166496277,2.476820554875303e-06,,0.4091385304927826,0.4091385304927826
/kaggle/input/datasets/tawsifurrahman/covid19-radiography-database/COVID-19_Radiography_Dataset/Normal/images/Normal-9038.png,Normal,Normal,0.044072289019823074,0.048788994550704956,0.9070659875869751,7.264545274665579e-05,,0.5019758343696594,0.5019758343696594
/kaggle/input/datasets/tawsifurrahman/covid19-radiography-database/COVID-19_Radiography_Dataset/Normal/images/Normal-9061.png,Normal,Normal,0.0008521873969584703,0.0707443505525589,0.9267899990081787,0.0016135349869728088,,,
/kaggle/input/datasets/tawsifurrahman/covid19-radiography-database/COVID-19_Radiography_Dataset/Normal/images/Normal-9076.png,Normal,Normal,0.00015721643285360187,0.05261792242527008,0.9471691250801086,5.581346704275347e-05,,,
/kaggle/input/datasets/tawsifurrahman/covid19-radiography-database/COVID-19_Radiography_Dataset/Normal/images/Normal-9083.png,Normal,Normal,3.485685374471359e-05,0.00749877979978919,0.9924644231796265,1.8878132550526061e-06,,0.4820312261581421,0.4820312261581421
/kaggle/input/datasets/tawsifurrahman/covid19-radiography-database/COVID-19_Radiography_Dataset/Normal/images/Normal-9090.png,Normal,Normal,0.0002761826617643237,0.002469915198162198,0.9972538352012634,1.3422540234842018e-07,,0.3782001733779907,0.3782001733779907
/kaggle/input/datasets/tawsifurrahman/covid19-radiography-database/COVID-19_Radiography_Dataset/Normal/images/Normal-9096.png,Normal,Normal,0.00043684596312232316,0.038186345249414444,0.9613683819770813,8.489026185998227e-06,,,
/kaggle/input/datasets/tawsifurrahman/covid19-radiography-database/COVID-19_Radiography_Dataset/Normal/images/Normal-9097.png,Normal,Normal,0.0020754921715706587,0.0022716077510267496,0.9956526756286621,1.391726698329876e-07,,0.41371533274650574,0.41371533274650574
/kaggle/input/datasets/tawsifurrahman/covid19-radiography-database/COVID-19_Radiography_Dataset/Normal/images/Normal-9111.png,Normal,Normal,0.0029649122152477503,0.07359147816896439,0.9234427809715271,7.957339107633743e-07,,0.3750460147857666,0.3750460147857666
/kaggle/input/datasets/tawsifurrahman/covid19-radiography-database/COVID-19_Radiography_Dataset/Normal/images/Normal-9114.png,Normal,Normal,5.495929826793144e-07,0.06097333878278732,0.9390255212783813,5.90994034155301e-07,,0.320027619600296,0.320027619600296
/kaggle/input/datasets/tawsifurrahman/covid19-radiography-database/COVID-19_Radiography_Dataset/Normal/images/Normal-9124.png,Normal,Normal,0.000985385151579976,0.01561398059129715,0.9833926558494568,7.868794455134775e-06,,,
/kaggle/input/datasets/tawsifurrahman/covid19-radiography-database/COVID-19_Radiography_Dataset/Normal/images/Normal-9130.png,Normal,Normal,8.086220623226836e-05,0.008760299533605576,0.9911584258079529,4.492172536174621e-07,,,
/kaggle/input/datasets/tawsifurrahman/covid19-radiography-database/COVID-19_Radiography_Dataset/Normal/images/Normal-9132.png,Normal,Normal,0.029307466000318527,0.012355450540781021,0.9581707715988159,0.0001662957074586302,,,
/kaggle/input/datasets/tawsifurrahman/covid19-radiography-database/COVID-19_Radiography_Dataset/Normal/images/Normal-9147.png,Normal,Normal,0.00011049156455555931,0.009418871253728867,0.990470290184021,3.0576742915400246e-07,,,
/kaggle/input/datasets/tawsifurrahman/covid19-radiography-database/COVID-19_Radiography_Dataset/Normal/images/Normal-9150.png,Normal,COVID,0.8429660201072693,0.000437137350672856,0.15657708048820496,1.96479322767118e-05,,,
/kaggle/input/datasets/tawsifurrahman/covid19-radiography-database/COVID-19_Radiography_Dataset/Normal/images/Normal-9153.png,Normal,Normal,0.0004082330851815641,0.11617116630077362,0.8834202289581299,4.276713525541709e-07,,,
/kaggle/input/datasets/tawsifurrahman/covid19-radiography-database/COVID-19_Radiography_Dataset/Normal/images/Normal-9160.png,Normal,Normal,0.0005606191116385162,0.001953430473804474,0.9974821209907532,3.846403615170857e-06,,0.583135724067688,0.583135724067688
/kaggle/input/datasets/tawsifurrahman/covid19-radiography-database/COVID-19_Radiography_Dataset/Normal/images/Normal-9165.png,Normal,Normal,0.005667481105774641,0.3185591995716095,0.6757461428642273,2.7190953915123828e-05,,,
/kaggle/input/datasets/tawsifurrahman/covid19-radiography-database/COVID-19_Radiography_Dataset/Normal/images/Normal-9166.png,Normal,Normal,0.00016690316260792315,0.0035406870301812887,0.9962918758392334,5.676282057720528e-07,,,
/kaggle/input/datasets/tawsifurrahman/covid19-radiography-database/COVID-19_Radiography_Dataset/Normal/images/Normal-9167.png,Normal,Normal,0.025165125727653503,0.008815190754830837,0.9659740924835205,4.5622637117048725e-05,,0.5152411460876465,0.5152411460876465
/kaggle/input/datasets/tawsifurrahman/covid19-radiography-database/COVID-19_Radiography_Dataset/Normal/images/Normal-9171.png,Normal,Normal,0.00014950911281630397,0.022190511226654053,0.9776588082313538,1.1180566161783645e-06,,0.3986177146434784,0.3986177146434784
/kaggle/input/datasets/tawsifurrahman/covid19-radiography-database/COVID-19_Radiography_Dataset/Normal/images/Normal-9178.png,Normal,COVID,0.8645199537277222,0.006435628514736891,0.12897856533527374,6.594794831471518e-05,,,
/kaggle/input/datasets/tawsifurrahman/covid19-radiography-database/COVID-19_Radiography_Dataset/Normal/images/Normal-9188.png,Normal,Normal,0.45105528831481934,0.007766325958073139,0.5410865545272827,9.183297515846789e-05,,0.5586982369422913,0.5586982369422913
/kaggle/input/datasets/tawsifurrahman/covid19-radiography-database/COVID-19_Radiography_Dataset/Normal/images/Normal-9189.png,Normal,Normal,0.11047495156526566,0.010409225709736347,0.8790905475616455,2.5279925466747954e-05,,,
/kaggle/input/datasets/tawsifurrahman/covid19-radiography-database/COVID-19_Radiography_Dataset/Normal/images/Normal-92.png,Normal,Normal,0.00023307035735342652,0.00033913395600393414,0.9963492155075073,0.0030785806011408567,,,
/kaggle/input/datasets/tawsifurrahman/covid19-radiography-database/COVID-19_Radiography_Dataset/Normal/images/Normal-9206.png,Normal,Normal,3.727652074303478e-05,0.0036268993280828,0.996335506439209,2.4318993041561043e-07,,,
/kaggle/input/datasets/tawsifurrahman/covid19-radiography-database/COVID-19_Radiography_Dataset/Normal/images/Normal-9211.png,Normal,Normal,0.0001092416059691459,0.0004396954900585115,0.9994505047798157,5.993125569148106e-07,,,
/kaggle/input/datasets/tawsifurrahman/covid19-radiography-database/COVID-19_Radiography_Dataset/Normal/images/Normal-923.png,Normal,Normal,0.0001065750329871662,0.0031896617729216814,0.9104743599891663,0.08622945845127106,,,
/kaggle/input/datasets/tawsifurrahman/covid19-radiography-database/COVID-19_Radiography_Dataset/Normal/images/Normal-9230.png,Normal,Normal,0.0011359265772625804,0.0007272554212249815,0.998136043548584,6.834379178144445e-07,,0.5052832365036011,0.5052832365036011
/kaggle/input/datasets/tawsifurrahman/covid19-radiography-database/COVID-19_Radiography_Dataset/Normal/images/Normal-9232.png,Normal,Lung_Opacity,0.13006149232387543,0.7964092493057251,0.07156959176063538,0.001959628891199827,,0.1317739486694336,0.1317739486694336
/kaggle/input/datasets/tawsifurrahman/covid19-radiography-database/COVID-19_Radiography_Dataset/Normal/images/Normal-9236.png,Normal,Normal,0.0013042985228821635,0.0008066331502050161,0.9978888630867004,2.714841969009285e-07,,,
/kaggle/input/datasets/tawsifurrahman/covid19-radiography-database/COVID-19_Radiography_Dataset/Normal/images/Normal-9240.png,Normal,Lung_Opacity,0.000948490749578923,0.502325713634491,0.49656248092651367,0.00016338771092705429,,0.2598433792591095,0.2598433792591095
/kaggle/input/datasets/tawsifurrahman/covid19-radiography-database/COVID-19_Radiography_Dataset/Normal/images/Normal-9241.png,Normal,Normal,2.4249429770861752e-06,0.0006447601481340826,0.9993519186973572,9.63632260209124e-07,,,
/kaggle/input/datasets/tawsifurrahman/covid19-radiography-database/COVID-19_Radiography_Dataset/Normal/images/Normal-9243.png,Normal,Normal,0.0005919249379076064,0.15801608562469482,0.8413274884223938,6.452132947742939e-05,,0.45471036434173584,0.45471036434173584
/kaggle/input/datasets/tawsifurrahman/covid19-radiography-database/COVID-19_Radiography_Dataset/Normal/images/Normal-9250.png,Normal,Normal,0.006827150471508503,0.14714236557483673,0.8459479808807373,8.247847290476784e-05,,,
/kaggle/input/datasets/tawsifurrahman/covid19-radiography-database/COVID-19_Radiography_Dataset/Normal/images/Normal-9258.png,Normal,Normal,0.23498892784118652,0.1350189447402954,0.6299853324890137,6.77414254823816e-06,,,
/kaggle/input/datasets/tawsifurrahman/covid19-radiography-database/COVID-19_Radiography_Dataset/Normal/images/Normal-926.png,Normal,Normal,2.9562193958554417e-05,0.00012926170893479139,0.9994231462478638,0.0004180557152722031,,0.30041784048080444,0.30041784048080444
/kaggle/input/datasets/tawsifurrahman/covid19-radiography-database/COVID-19_Radiography_Dataset/Normal/images/Normal-9260.png,Normal,Normal,0.0008024082635529339,0.0012162786442786455,0.9979625940322876,1.868215258582495e-05,,,
/kaggle/input/datasets/tawsifurrahman/covid19-radiography-database/COVID-19_Radiography_Dataset/Normal/images/Normal-9267.png,Normal,Normal,0.10357922315597534,0.011366135440766811,0.8850347399711609,1.9905050066881813e-05,,,
/kaggle/input/datasets/tawsifurrahman/covid19-radiography-database/COVID-19_Radiography_Dataset/Normal/images/Normal-9272.png,Normal,Normal,0.003838351694867015,0.013761622831225395,0.9823645949363708,3.547699816408567e-05,,,
/kaggle/input/datasets/tawsifurrahman/covid19-radiography-database/COVID-19_Radiography_Dataset/Normal/images/Normal-9273.png,Normal,Normal,0.0001865305966930464,0.0027338797226548195,0.9970791339874268,5.39500433660578e-07,,,
/kaggle/input/datasets/tawsifurrahman/covid19-radiography-database/COVID-19_Radiography_Dataset/Normal/images/Normal-929.png,Normal,Normal,1.3315460819285363e-05,0.0026921674143522978,0.9501410126686096,0.04715344309806824,,0.2609025239944458,0.2609025239944458
/kaggle/input/datasets/tawsifurrahman/covid19-radiography-database/COVID-19_Radiography_Dataset/Normal/images/Normal-9290.png,Normal,Normal,0.005426429677754641,0.010185249149799347,0.9843876361846924,6.508439014396572e-07,,0.2946154475212097,0.2946154475212097
/kaggle/input/datasets/tawsifurrahman/covid19-radiography-database/COVID-19_Radiography_Dataset/Normal/images/Normal-9292.png,Normal,Normal,0.00044353483826853335,0.007988223806023598,0.9915675520896912,7.072423500176228e-07,,,
/kaggle/input/datasets/tawsifurrahman/covid19-radiography-database/COVID-19_Radiography_Dataset/Normal/images/Normal-9293.png,Normal,Normal,0.012679758481681347,0.2928263545036316,0.6944311857223511,6.271700112847611e-05,,,
/kaggle/input/datasets/tawsifurrahman/covid19-radiography-database/COVID-19_Radiography_Dataset/Normal/images/Normal-93.png,Normal,Normal,0.00016190965834539384,0.0022214585915207863,0.986332356929779,0.011284246109426022,,,
/kaggle/input/datasets/tawsifurrahman/covid19-radiography-database/COVID-19_Radiography_Dataset/Normal/images/Normal-9305.png,Normal,Normal,0.00039011857006698847,0.018097423017024994,0.9815089702606201,3.48531398230989e-06,,,
/kaggle/input/datasets/tawsifurrahman/covid19-radiography-database/COVID-19_Radiography_Dataset/Normal/images/Normal-9308.png,Normal,Normal,0.01494371797889471,0.009280960075557232,0.9757705926895142,4.7011239985295106e-06,,,
/kaggle/input/datasets/tawsifurrahman/covid19-radiography-database/COVID-19_Radiography_Dataset/Normal/images/Normal-931.png,Normal,Normal,4.524242103798315e-05,0.00013689560000784695,0.9994868040084839,0.00033104087924584746,,0.2508499324321747,0.2508499324321747
/kaggle/input/datasets/tawsifurrahman/covid19-radiography-database/COVID-19_Radiography_Dataset/Normal/images/Normal-9316.png,Normal,Normal,0.09072549641132355,0.24567395448684692,0.6635828614234924,1.766632885846775e-05,,0.3628477454185486,0.3628477454185486
/kaggle/input/datasets/tawsifurrahman/covid19-radiography-database/COVID-19_Radiography_Dataset/Normal/images/Normal-9320.png,Normal,Normal,0.0003194717282894999,0.01360283512622118,0.9860776662826538,3.1757150242839316e-09,,,
/kaggle/input/datasets/tawsifurrahman/covid19-radiography-database/COVID-19_Radiography_Dataset/Normal/images/Normal-9322.png,Normal,Normal,0.003906330093741417,0.014098172076046467,0.9819487929344177,4.67073914478533e-05,,,
/kaggle/input/datasets/tawsifurrahman/covid19-radiography-database/COVID-19_Radiography_Dataset/Normal/images/Normal-9327.png,Normal,Normal,0.09350135177373886,0.16771858930587769,0.7387757301330566,4.249086487106979e-06,,,
/kaggle/input/datasets/tawsifurrahman/covid19-radiography-database/COVID-19_Radiography_Dataset/Normal/images/Normal-933.png,Normal,Normal,0.0022266728337854147,0.00039932862273417413,0.9944788217544556,0.00289515545591712,,,
/kaggle/input/datasets/tawsifurrahman/covid19-radiography-database/COVID-19_Radiography_Dataset/Normal/images/Normal-934.png,Normal,Normal,0.0002948366163764149,8.915158832678571e-05,0.9989744424819946,0.0006415682728402317,,,
/kaggle/input/datasets/tawsifurrahman/covid19-radiography-database/COVID-19_Radiography_Dataset/Normal/images/Normal-9350.png,Normal,Normal,0.006420864723622799,0.06537776440382004,0.9281982183456421,3.1261267849913565e-06,,0.5586862564086914,0.5586862564086914
/kaggle/input/datasets/tawsifurrahman/covid19-radiography-database/COVID-19_Radiography_Dataset/Normal/images/Normal-9351.png,Normal,Lung_Opacity,4.489667117013596e-05,0.725896954536438,0.27405789494514465,3.026397905614431e-07,,,
/kaggle/input/datasets/tawsifurrahman/covid19-radiography-database/COVID-19_Radiography_Dataset/Normal/images/Normal-9376.png,Normal,Normal,0.0035405803937464952,0.06962955743074417,0.9265053272247314,0.00032444397220388055,,0.35345014929771423,0.35345014929771423
/kaggle/input/datasets/tawsifurrahman/covid19-radiography-database/COVID-19_Radiography_Dataset/Normal/images/Normal-9377.png,Normal,Normal,0.0022919857874512672,0.03637762740254402,0.9611881375312805,0.0001422908389940858,,0.41846537590026855,0.41846537590026855
/kaggle/input/datasets/tawsifurrahman/covid19-radiography-database/COVID-19_Radiography_Dataset/Normal/images/Normal-9378.png,Normal,Normal,0.00031656172359362245,0.14790210127830505,0.851780891418457,3.9621190239813586e-07,,,
/kaggle/input/datasets/tawsifurrahman/covid19-radiography-database/COVID-19_Radiography_Dataset/Normal/images/Normal-9383.png,Normal,Normal,0.016192207112908363,0.004027135204523802,0.9797798991203308,7.669848969271698e-07,,0.5379928946495056,0.5379928946495056
/kaggle/input/datasets/tawsifurrahman/covid19-radiography-database/COVID-19_Radiography_Dataset/Normal/images/Normal-9389.png,Normal,Normal,0.0025161304511129856,0.023721806704998016,0.9737507104873657,1.1305074622214306e-05,,0.5968652367591858,0.5968652367591858
/kaggle/input/datasets/tawsifurrahman/covid19-radiography-database/COVID-19_Radiography_Dataset/Normal/images/Normal-9395.png,Normal,Lung_Opacity,2.25418134505162e-05,0.8517835736274719,0.14792411029338837,0.00026976948720403016,,,
/kaggle/input/datasets/tawsifurrahman/covid19-radiography-database/COVID-19_Radiography_Dataset/Normal/images/Normal-9401.png,Normal,Normal,0.003533304203301668,0.2920953333377838,0.6771511435508728,0.027220213785767555,,,
/kaggle/input/datasets/tawsifurrahman/covid19-radiography-database/COVID-19_Radiography_Dataset/Normal/images/Normal-9406.png,Normal,Normal,0.00040138012263923883,0.0020850871223956347,0.9974791407585144,3.436389670241624e-05,,0.5722349882125854,0.5722349882125854
/kaggle/input/datasets/tawsifurrahman/covid19-radiography-database/COVID-19_Radiography_Dataset/Normal/images/Normal-9409.png,Normal,Normal,0.1508430391550064,0.33608680963516235,0.5125755071640015,0.0004945668624714017,,,
/kaggle/input/datasets/tawsifurrahman/covid19-radiography-database/COVID-19_Radiography_Dataset/Normal/images/Normal-9412.png,Normal,Normal,2.281416345795151e-05,0.0012992185074836016,0.9986775517463684,3.895744953297253e-07,,0.44999516010284424,0.44999516010284424
/kaggle/input/datasets/tawsifurrahman/covid19-radiography-database/COVID-19_Radiography_Dataset/Normal/images/Normal-9417.png,Normal,Normal,3.2758207453298382e-06,0.05810891464352608,0.9418606162071228,2.7193493224331178e-05,,,
/kaggle/input/datasets/tawsifurrahman/covid19-radiography-database/COVID-19_Radiography_Dataset/Normal/images/Normal-9429.png,Normal,Normal,0.023942308500409126,0.003276569303125143,0.9726564288139343,0.00012475487892515957,,,
/kaggle/input/datasets/tawsifurrahman/covid19-radiography-database/COVID-19_Radiography_Dataset/Normal/images/Normal-9439.png,Normal,Normal,0.2701912820339203,0.08911798894405365,0.6403586864471436,0.0003320763644296676,,0.4341362416744232,0.4341362416744232
/kaggle/input/datasets/tawsifurrahman/covid19-radiography-database/COVID-19_Radiography_Dataset/Normal/images/Normal-9443.png,Normal,Lung_Opacity,0.0049057332798838615,0.6007938981056213,0.3935737907886505,0.0007265215390361845,,0.24053965508937836,0.24053965508937836
/kaggle/input/datasets/tawsifurrahman/covid19-radiography-database/COVID-19_Radiography_Dataset/Normal/images/Normal-9450.png,Normal,Normal,3.202227162546478e-05,0.009178207255899906,0.9907894730567932,3.6705804973280465e-07,,0.43849611282348633,0.43849611282348633
/kaggle/input/datasets/tawsifurrahman/covid19-radiography-database/COVID-19_Radiography_Dataset/Normal/images/Normal-9459.png,Normal,Normal,0.10574899613857269,0.013181711547076702,0.881060779094696,8.451421308564022e-06,,,
/kaggle/input/datasets/tawsifurrahman/covid19-radiography-database/COVID-19_Radiography_Dataset/Normal/images/Normal-9476.png,Normal,Normal,0.0016746940091252327,0.44106507301330566,0.5572600960731506,1.0635330482955396e-07,,,
/kaggle/input/datasets/tawsifurrahman/covid19-radiography-database/COVID-19_Radiography_Dataset/Normal/images/Normal-9477.png,Normal,Normal,0.011835150420665741,0.031781040132045746,0.95614093542099,0.00024283317907247692,,,
/kaggle/input/datasets/tawsifurrahman/covid19-radiography-database/COVID-19_Radiography_Dataset/Normal/images/Normal-948.png,Normal,Normal,2.348801353946328e-05,2.970108835143037e-05,0.9996615648269653,0.00028529512928798795,,,
/kaggle/input/datasets/tawsifurrahman/covid19-radiography-database/COVID-19_Radiography_Dataset/Normal/images/Normal-9493.png,Normal,Normal,0.0014937198720872402,0.41488397121429443,0.5835117697715759,0.00011057371739298105,,0.38661640882492065,0.38661640882492065
/kaggle/input/datasets/tawsifurrahman/covid19-radiography-database/COVID-19_Radiography_Dataset/Normal/images/Normal-9497.png,Normal,Normal,0.003788758534938097,0.27495190501213074,0.7211957573890686,6.359136023093015e-05,,,
/kaggle/input/datasets/tawsifurrahman/covid19-radiography-database/COVID-19_Radiography_Dataset/Normal/images/Normal-9499.png,Normal,Normal,0.00487061683088541,0.05300402641296387,0.9421231746673584,2.1704122445953544e-06,,0.2504187226295471,0.2504187226295471
/kaggle/input/datasets/tawsifurrahman/covid19-radiography-database/COVID-19_Radiography_Dataset/Normal/images/Normal-951.png,Normal,Normal,0.23278595507144928,0.007860387675464153,0.7578888535499573,0.0014648231444880366,,0.17466311156749725,0.17466311156749725
/kaggle/input/datasets/tawsifurrahman/covid19-radiography-database/COVID-19_Radiography_Dataset/Normal/images/Normal-9537.png,Normal,Lung_Opacity,0.00018674258899409324,0.5479418635368347,0.45184338092803955,2.8026193831465207e-05,,,
/kaggle/input/datasets/tawsifurrahman/covid19-radiography-database/COVID-19_Radiography_Dataset/Normal/images/Normal-9540.png,Normal,Normal,0.0005158460699021816,0.012825592420995235,0.9131373763084412,0.0735211968421936,,0.3799727261066437,0.3799727261066437
/kaggle/input/datasets/tawsifurrahman/covid19-radiography-database/COVID-19_Radiography_Dataset/Normal/images/Normal-9548.png,Normal,Normal,0.0045638722367584705,0.03545394912362099,0.9599794745445251,2.5940437353710877e-06,,,
/kaggle/input/datasets/tawsifurrahman/covid19-radiography-database/COVID-19_Radiography_Dataset/Normal/images/Normal-9555.png,Normal,Normal,6.149594264570624e-05,0.23524919152259827,0.7646852731704712,4.023139354103478e-06,,,
/kaggle/input/datasets/tawsifurrahman/covid19-radiography-database/COVID-19_Radiography_Dataset/Normal/images/Normal-956.png,Normal,Normal,0.0006448843632824719,0.0010130028240382671,0.9848239421844482,0.013518258929252625,,,
/kaggle/input/datasets/tawsifurrahman/covid19-radiography-database/COVID-19_Radiography_Dataset/Normal/images/Normal-9563.png,Normal,Lung_Opacity,5.955422693659784e-06,0.5044202208518982,0.4955737590789795,7.335473384273428e-08,,0.12231653928756714,0.12231653928756714
/kaggle/input/datasets/tawsifurrahman/covid19-radiography-database/COVID-19_Radiography_Dataset/Normal/images/Normal-9574.png,Normal,Lung_Opacity,0.0009380390401929617,0.6597588658332825,0.339285284280777,1.7772581486497074e-05,,0.1576593518257141,0.1576593518257141
/kaggle/input/datasets/tawsifurrahman/covid19-radiography-database/COVID-19_Radiography_Dataset/Normal/images/Normal-9592.png,Normal,Normal,7.11343964212574e-05,0.002557711908593774,0.9973703622817993,7.9599908531236e-07,,,
/kaggle/input/datasets/tawsifurrahman/covid19-radiography-database/COVID-19_Radiography_Dataset/Normal/images/Normal-9594.png,Normal,Normal,0.04541097953915596,0.259219229221344,0.6953401565551758,2.957825745397713e-05,,,
/kaggle/input/datasets/tawsifurrahman/covid19-radiography-database/COVID-19_Radiography_Dataset/Normal/images/Normal-9603.png,Normal,Normal,0.00019324742606841028,0.003866124665364623,0.9959325194358826,8.106364475679584e-06,,,
/kaggle/input/datasets/tawsifurrahman/covid19-radiography-database/COVID-19_Radiography_Dataset/Normal/images/Normal-9607.png,Normal,Normal,0.012681392952799797,0.29217004776000977,0.6949976682662964,0.0001509390422143042,,,
/kaggle/input/datasets/tawsifurrahman/covid19-radiography-database/COVID-19_Radiography_Dataset/Normal/images/Normal-9609.png,Normal,Normal,0.021036120131611824,0.010336806066334248,0.9686233997344971,3.672520961117698e-06,,,
/kaggle/input/datasets/tawsifurrahman/covid19-radiography-database/COVID-19_Radiography_Dataset/Normal/images/Normal-9613.png,Normal,Normal,0.0035155245568603277,0.0061049689538776875,0.9903754591941833,4.026960596092977e-06,,,
/kaggle/input/datasets/tawsifurrahman/covid19-radiography-database/COVID-19_Radiography_Dataset/Normal/images/Normal-9616.png,Normal,Normal,4.593503035721369e-05,0.006251663900911808,0.9937024116516113,5.068069075520043e-09,,,
/kaggle/input/datasets/tawsifurrahman/covid19-radiography-database/COVID-19_Radiography_Dataset/Normal/images/Normal-9622.png,Normal,Normal,0.00031182554084807634,0.0015592251438647509,0.9981287121772766,1.8054348061014025e-07,,,
/kaggle/input/datasets/tawsifurrahman/covid19-radiography-database/COVID-19_Radiography_Dataset/Normal/images/Normal-9624.png,Normal,Normal,0.0002552495861891657,0.0005596647970378399,0.9991849064826965,1.8708513493947976e-07,,,
/kaggle/input/datasets/tawsifurrahman/covid19-radiography-database/COVID-19_Radiography_Dataset/Normal/images/Normal-9630.png,Normal,Normal,0.0004596108046825975,0.07665698230266571,0.9228827953338623,5.818100703436357e-07,,,
/kaggle/input/datasets/tawsifurrahman/covid19-radiography-database/COVID-19_Radiography_Dataset/Normal/images/Normal-9633.png,Normal,Normal,0.008498406037688255,0.014702025800943375,0.9767968058586121,2.7520184175955364e-06,,,
/kaggle/input/datasets/tawsifurrahman/covid19-radiography-database/COVID-19_Radiography_Dataset/Normal/images/Normal-9635.png,Normal,Normal,0.00048079076805152,0.003513592528179288,0.9960055947303772,2.0118363863730337e-08,,,
/kaggle/input/datasets/tawsifurrahman/covid19-radiography-database/COVID-19_Radiography_Dataset/Normal/images/Normal-9636.png,Normal,Normal,0.0003411209909245372,0.22796973586082458,0.7711044549942017,0.0005847254069522023,,,
/kaggle/input/datasets/tawsifurrahman/covid19-radiography-database/COVID-19_Radiography_Dataset/Normal/images/Normal-9637.png,Normal,Normal,0.042560018599033356,0.03151421993970871,0.9259214997291565,4.2553242565190885e-06,,,
/kaggle/input/datasets/tawsifurrahman/covid19-radiography-database/COVID-19_Radiography_Dataset/Normal/images/Normal-9641.png,Normal,Normal,0.04629505053162575,0.0019413548288866878,0.9517603516578674,3.3102523957495578e-06,,,
/kaggle/input/datasets/tawsifurrahman/covid19-radiography-database/COVID-19_Radiography_Dataset/Normal/images/Normal-9645.png,Normal,Normal,0.026610704138875008,0.09513215720653534,0.877512514591217,0.0007446108502335846,,,
/kaggle/input/datasets/tawsifurrahman/covid19-radiography-database/COVID-19_Radiography_Dataset/Normal/images/Normal-9647.png,Normal,Normal,0.0001437227474525571,0.027298111468553543,0.9724518656730652,0.00010632822522893548,,0.45810067653656006,0.45810067653656006
/kaggle/input/datasets/tawsifurrahman/covid19-radiography-database/COVID-19_Radiography_Dataset/Normal/images/Normal-9660.png,Normal,Normal,0.00022590489243157208,0.02664896845817566,0.9731238484382629,1.2495453347582952e-06,,0.5182623863220215,0.5182623863220215
/kaggle/input/datasets/tawsifurrahman/covid19-radiography-database/COVID-19_Radiography_Dataset/Normal/images/Normal-967.png,Normal,Normal,0.0005339643103070557,0.0006643499946221709,0.9986604452133179,0.00014129890769254416,,0.22958186268806458,0.22958186268806458
/kaggle/input/datasets/tawsifurrahman/covid19-radiography-database/COVID-19_Radiography_Dataset/Normal/images/Normal-9675.png,Normal,Normal,0.005967147648334503,0.006595125887542963,0.9874324798583984,5.323641289578518e-06,,,
/kaggle/input/datasets/tawsifurrahman/covid19-radiography-database/COVID-19_Radiography_Dataset/Normal/images/Normal-9680.png,Normal,Normal,8.087788592092693e-05,0.0004434068105183542,0.9994719624519348,3.7804409203090472e-06,,,
/kaggle/input/datasets/tawsifurrahman/covid19-radiography-database/COVID-19_Radiography_Dataset/Normal/images/Normal-969.png,Normal,Normal,1.885303390736226e-05,6.180855052662082e-06,0.9998273253440857,0.00014772584836464375,,,
/kaggle/input/datasets/tawsifurrahman/covid19-radiography-database/COVID-19_Radiography_Dataset/Normal/images/Normal-9691.png,Normal,Normal,1.1716862900357228e-05,0.0032610055059194565,0.9967259168624878,1.3270609997562133e-06,,,
/kaggle/input/datasets/tawsifurrahman/covid19-radiography-database/COVID-19_Radiography_Dataset/Normal/images/Normal-9699.png,Normal,Normal,0.0006348256720229983,0.10470202565193176,0.8944071531295776,0.00025603314861655235,,0.3571183681488037,0.3571183681488037
/kaggle/input/datasets/tawsifurrahman/covid19-radiography-database/COVID-19_Radiography_Dataset/Normal/images/Normal-9700.png,Normal,Normal,1.1583103514567483e-05,0.15193909406661987,0.8480286598205566,2.0620738723664545e-05,,,
/kaggle/input/datasets/tawsifurrahman/covid19-radiography-database/COVID-19_Radiography_Dataset/Normal/images/Normal-9705.png,Normal,Normal,0.2739565968513489,0.012924580834805965,0.7131099104881287,8.944712135416921e-06,,,
/kaggle/input/datasets/tawsifurrahman/covid19-radiography-database/COVID-19_Radiography_Dataset/Normal/images/Normal-9710.png,Normal,Normal,0.0025734836235642433,0.12164922058582306,0.875642716884613,0.0001345961500192061,,0.4578798711299896,0.4578798711299896
/kaggle/input/datasets/tawsifurrahman/covid19-radiography-database/COVID-19_Radiography_Dataset/Normal/images/Normal-9713.png,Normal,Normal,0.0022655404172837734,0.08474470674991608,0.8353329300880432,0.0776568353176117,,0.07936423271894455,0.07936423271894455
/kaggle/input/datasets/tawsifurrahman/covid19-radiography-database/COVID-19_Radiography_Dataset/Normal/images/Normal-9722.png,Normal,Normal,7.059322524582967e-05,0.007110802922397852,0.9928172826766968,1.423500407327083e-06,,,
/kaggle/input/datasets/tawsifurrahman/covid19-radiography-database/COVID-19_Radiography_Dataset/Normal/images/Normal-9728.png,Normal,Normal,0.00024405204749200493,0.009938561357557774,0.9898148775100708,2.504872782083112e-06,,,
/kaggle/input/datasets/tawsifurrahman/covid19-radiography-database/COVID-19_Radiography_Dataset/Normal/images/Normal-9738.png,Normal,Normal,0.0015804445138201118,0.052279435098171234,0.9461186528205872,2.1361358449212275e-05,,,
/kaggle/input/datasets/tawsifurrahman/covid19-radiography-database/COVID-19_Radiography_Dataset/Normal/images/Normal-9743.png,Normal,Normal,0.000349142326740548,0.05852760747075081,0.9410361647605896,8.717655873624608e-05,,,
/kaggle/input/datasets/tawsifurrahman/covid19-radiography-database/COVID-19_Radiography_Dataset/Normal/images/Normal-9751.png,Normal,Normal,0.0006850775680504739,0.035322405397892,0.9635843634605408,0.0004081319784745574,,0.6333617568016052,0.6333617568016052
/kaggle/input/datasets/tawsifurrahman/covid19-radiography-database/COVID-19_Radiography_Dataset/Normal/images/Normal-9756.png,Normal,Normal,0.0013856366276741028,0.009132320061326027,0.9894792437553406,2.887995378841879e-06,,,
/kaggle/input/datasets/tawsifurrahman/covid19-radiography-database/COVID-19_Radiography_Dataset/Normal/images/Normal-9762.png,Normal,Normal,0.000341325590852648,0.0013193064369261265,0.998339056968689,2.3959196937539673e-07,,,
/kaggle/input/datasets/tawsifurrahman/covid19-radiography-database/COVID-19_Radiography_Dataset/Normal/images/Normal-977.png,Normal,Normal,3.8886788388481364e-05,9.804063301999122e-05,0.9995973706245422,0.0002658111334312707,,0.2737734317779541,0.2737734317779541
/kaggle/input/datasets/tawsifurrahman/covid19-radiography-database/COVID-19_Radiography_Dataset/Normal/images/Normal-9770.png,Normal,Normal,0.0807633176445961,0.007284855004400015,0.9119412899017334,1.0502742043172475e-05,,0.39459818601608276,0.39459818601608276
/kaggle/input/datasets/tawsifurrahman/covid19-radiography-database/COVID-19_Radiography_Dataset/Normal/images/Normal-9779.png,Normal,Normal,0.0007265389431267977,0.18587452173233032,0.8119897842407227,0.0014091096818447113,,0.21710288524627686,0.21710288524627686
/kaggle/input/datasets/tawsifurrahman/covid19-radiography-database/COVID-19_Radiography_Dataset/Normal/images/Normal-9786.png,Normal,Normal,0.00011271175026195124,0.029807357117533684,0.9700788855552673,9.953297421816387e-07,,,
/kaggle/input/datasets/tawsifurrahman/covid19-radiography-database/COVID-19_Radiography_Dataset/Normal/images/Normal-9789.png,Normal,Normal,0.11637222021818161,0.09352196753025055,0.7870780825614929,0.003027756931260228,,,
/kaggle/input/datasets/tawsifurrahman/covid19-radiography-database/COVID-19_Radiography_Dataset/Normal/images/Normal-9792.png,Normal,Normal,0.0008684790227562189,0.04395904392004013,0.9551722407341003,2.9969982051625266e-07,,,
/kaggle/input/datasets/tawsifurrahman/covid19-radiography-database/COVID-19_Radiography_Dataset/Normal/images/Normal-9796.png,Normal,Normal,3.204162567271851e-05,0.008180427365005016,0.9917872548103333,2.9395781098173757e-07,,,
/kaggle/input/datasets/tawsifurrahman/covid19-radiography-database/COVID-19_Radiography_Dataset/Normal/images/Normal-9814.png,Normal,Lung_Opacity,1.7878559447126463e-05,0.7423274517059326,0.2576521039009094,2.609878947623656e-06,,0.10228599607944489,0.10228599607944489
/kaggle/input/datasets/tawsifurrahman/covid19-radiography-database/COVID-19_Radiography_Dataset/Normal/images/Normal-9828.png,Normal,Normal,0.00029412563890218735,0.025934087112545967,0.9737716913223267,2.0271579970199127e-08,,,
/kaggle/input/datasets/tawsifurrahman/covid19-radiography-database/COVID-19_Radiography_Dataset/Normal/images/Normal-9831.png,Normal,Normal,0.0005304306396283209,0.0824580118060112,0.9170104265213013,1.1542310858203564e-06,,,
/kaggle/input/datasets/tawsifurrahman/covid19-radiography-database/COVID-19_Radiography_Dataset/Normal/images/Normal-9833.png,Normal,COVID,0.7245131731033325,0.009530987590551376,0.26593124866485596,2.4559272787882946e-05,,,
/kaggle/input/datasets/tawsifurrahman/covid19-radiography-database/COVID-19_Radiography_Dataset/Normal/images/Normal-9836.png,Normal,COVID,0.6581511497497559,0.04145035892724991,0.29240843653678894,0.007990102283656597,,0.15965484082698822,0.15965484082698822
/kaggle/input/datasets/tawsifurrahman/covid19-radiography-database/COVID-19_Radiography_Dataset/Normal/images/Normal-9837.png,Normal,Normal,0.06765483319759369,0.01287439651787281,0.9194701910018921,5.778058493888238e-07,,,
/kaggle/input/datasets/tawsifurrahman/covid19-radiography-database/COVID-19_Radiography_Dataset/Normal/images/Normal-9846.png,Normal,Normal,0.00043139513581991196,0.34896695613861084,0.6502318978309631,0.0003697579959407449,,,
/kaggle/input/datasets/tawsifurrahman/covid19-radiography-database/COVID-19_Radiography_Dataset/Normal/images/Normal-9859.png,Normal,Normal,3.021834527316969e-05,0.001974051585420966,0.9979928731918335,2.914795004471671e-06,,,
/kaggle/input/datasets/tawsifurrahman/covid19-radiography-database/COVID-19_Radiography_Dataset/Normal/images/Normal-986.png,Normal,Normal,0.00045592800597660244,0.0007637494127266109,0.9953365921974182,0.003443693509325385,,,
/kaggle/input/datasets/tawsifurrahman/covid19-radiography-database/COVID-19_Radiography_Dataset/Normal/images/Normal-9867.png,Normal,Normal,0.0033855680376291275,0.00960870273411274,0.9865201711654663,0.00048556181718595326,,0.5510651469230652,0.5510651469230652
/kaggle/input/datasets/tawsifurrahman/covid19-radiography-database/COVID-19_Radiography_Dataset/Normal/images/Normal-9869.png,Normal,Normal,0.017873121425509453,0.014567021280527115,0.9675281047821045,3.1747582397656515e-05,,,
/kaggle/input/datasets/tawsifurrahman/covid19-radiography-database/COVID-19_Radiography_Dataset/Normal/images/Normal-987.png,Normal,Normal,4.8945028538582847e-05,0.010152178816497326,0.989367663860321,0.0004312335222493857,,0.320694237947464,0.320694237947464
/kaggle/input/datasets/tawsifurrahman/covid19-radiography-database/COVID-19_Radiography_Dataset/Normal/images/Normal-9872.png,Normal,Normal,0.0007616457878611982,0.014369707554578781,0.9848569631576538,1.175883699033875e-05,,,
/kaggle/input/datasets/tawsifurrahman/covid19-radiography-database/COVID-19_Radiography_Dataset/Normal/images/Normal-9875.png,Normal,Normal,0.09639240801334381,0.0016272319480776787,0.9019472002983093,3.3094853279180825e-05,,,
/kaggle/input/datasets/tawsifurrahman/covid19-radiography-database/COVID-19_Radiography_Dataset/Normal/images/Normal-9878.png,Normal,Normal,0.00030844632419757545,0.015704350546002388,0.9839808344841003,6.313348421826959e-06,,,
/kaggle/input/datasets/tawsifurrahman/covid19-radiography-database/COVID-19_Radiography_Dataset/Normal/images/Normal-9882.png,Normal,Normal,4.539302153716562e-06,0.021202806383371353,0.9787811636924744,1.148717819887679e-05,,,
/kaggle/input/datasets/tawsifurrahman/covid19-radiography-database/COVID-19_Radiography_Dataset/Normal/images/Normal-989.png,Normal,Normal,0.00035798767930828035,0.0004479099006857723,0.9843489527702332,0.014845086261630058,,,
/kaggle/input/datasets/tawsifurrahman/covid19-radiography-database/COVID-19_Radiography_Dataset/Normal/images/Normal-9895.png,Normal,Normal,0.0004379652673378587,0.010165926069021225,0.9893821477890015,1.3981580195832066e-05,,,
/kaggle/input/datasets/tawsifurrahman/covid19-radiography-database/COVID-19_Radiography_Dataset/Normal/images/Normal-9896.png,Normal,Normal,0.002370353788137436,0.014371776022017002,0.9832577109336853,1.0221652502195866e-07,,,
/kaggle/input/datasets/tawsifurrahman/covid19-radiography-database/COVID-19_Radiography_Dataset/Normal/images/Normal-9907.png,Normal,Normal,0.3816247880458832,0.006164869759231806,0.6006274223327637,0.011582961305975914,,0.48225682973861694,0.48225682973861694
/kaggle/input/datasets/tawsifurrahman/covid19-radiography-database/COVID-19_Radiography_Dataset/Normal/images/Normal-9911.png,Normal,Normal,3.517298318911344e-05,0.0027641416527330875,0.997200608253479,9.028655512111072e-08,,,
/kaggle/input/datasets/tawsifurrahman/covid19-radiography-database/COVID-19_Radiography_Dataset/Normal/images/Normal-9924.png,Normal,COVID,0.62884521484375,0.0005134795792400837,0.37063923478126526,2.04337561626744e-06,,,
/kaggle/input/datasets/tawsifurrahman/covid19-radiography-database/COVID-19_Radiography_Dataset/Normal/images/Normal-9925.png,Normal,Normal,0.0018524506594985723,0.06912291795015335,0.9290128350257874,1.1729767720680684e-05,,,
/kaggle/input/datasets/tawsifurrahman/covid19-radiography-database/COVID-19_Radiography_Dataset/Normal/images/Normal-9932.png,Normal,Normal,0.0012077449355274439,0.1275404691696167,0.8707120418548584,0.0005396858905442059,,0.17600643634796143,0.17600643634796143
/kaggle/input/datasets/tawsifurrahman/covid19-radiography-database/COVID-19_Radiography_Dataset/Normal/images/Normal-9936.png,Normal,Normal,0.05073339119553566,0.004734733607620001,0.944523811340332,8.088101822067983e-06,,,
/kaggle/input/datasets/tawsifurrahman/covid19-radiography-database/COVID-19_Radiography_Dataset/Normal/images/Normal-9939.png,Normal,Normal,0.005780771840363741,0.0736013725399971,0.9206109642982483,6.948184363864129e-06,,0.48095622658729553,0.48095622658729553
/kaggle/input/datasets/tawsifurrahman/covid19-radiography-database/COVID-19_Radiography_Dataset/Normal/images/Normal-9941.png,Normal,Normal,0.003765420988202095,0.1882980763912201,0.8078863620758057,5.012764813727699e-05,,,
/kaggle/input/datasets/tawsifurrahman/covid19-radiography-database/COVID-19_Radiography_Dataset/Normal/images/Normal-9943.png,Normal,Normal,0.02142312191426754,0.10495398193597794,0.8710063099861145,0.0026165524031966925,,,
/kaggle/input/datasets/tawsifurrahman/covid19-radiography-database/COVID-19_Radiography_Dataset/Normal/images/Normal-9956.png,Normal,Lung_Opacity,0.0009255162440240383,0.5854929685592651,0.413482666015625,9.887699707178399e-05,,,
/kaggle/input/datasets/tawsifurrahman/covid19-radiography-database/COVID-19_Radiography_Dataset/Normal/images/Normal-9959.png,Normal,Normal,0.0018854535883292556,0.0023050522431731224,0.9958040118217468,5.520172180695226e-06,,0.45727187395095825,0.45727187395095825
/kaggle/input/datasets/tawsifurrahman/covid19-radiography-database/COVID-19_Radiography_Dataset/Normal/images/Normal-9961.png,Normal,Normal,0.0017295002471655607,0.006684007588773966,0.9915804266929626,6.081178526073927e-06,,,
/kaggle/input/datasets/tawsifurrahman/covid19-radiography-database/COVID-19_Radiography_Dataset/Normal/images/Normal-9968.png,Normal,Normal,0.03980239853262901,0.016203615814447403,0.9439911246299744,2.864233692889684e-06,,,
/kaggle/input/datasets/tawsifurrahman/covid19-radiography-database/COVID-19_Radiography_Dataset/Normal/images/Normal-997.png,Normal,Normal,6.081497758714249e-06,0.00023197494738269597,0.9959608912467957,0.00380110670812428,,,
/kaggle/input/datasets/tawsifurrahman/covid19-radiography-database/COVID-19_Radiography_Dataset/Normal/images/Normal-9973.png,Normal,Normal,0.010133674368262291,0.03518826887011528,0.9546563029289246,2.173554094042629e-05,,0.35052019357681274,0.35052019357681274
/kaggle/input/datasets/tawsifurrahman/covid19-radiography-database/COVID-19_Radiography_Dataset/Normal/images/Normal-9976.png,Normal,Normal,4.07159241149202e-05,0.002864847658202052,0.9970928430557251,1.533812337584095e-06,,0.32148849964141846,0.32148849964141846
/kaggle/input/datasets/tawsifurrahman/covid19-radiography-database/COVID-19_Radiography_Dataset/Normal/images/Normal-9983.png,Normal,Normal,0.00010781768651213497,0.028103377670049667,0.9717562198638916,3.252554961363785e-05,,,
/kaggle/input/datasets/tawsifurrahman/covid19-radiography-database/COVID-19_Radiography_Dataset/Normal/images/Normal-9991.png,Normal,Lung_Opacity,4.1778643208090216e-05,0.9157395362854004,0.08421400934457779,4.68571352030267e-06,,0.10603435337543488,0.10603435337543488
/kaggle/input/datasets/tawsifurrahman/covid19-radiography-database/COVID-19_Radiography_Dataset/Normal/images/Normal-9993.png,Normal,Lung_Opacity,0.04123411327600479,0.84568190574646,0.11303422600030899,4.983184044249356e-05,,,
/kaggle/input/datasets/tawsifurrahman/covid19-radiography-database/COVID-19_Radiography_Dataset/Normal/images/Normal-9994.png,Normal,Normal,0.01938178949058056,0.05779449641704559,0.9225713014602661,0.0002523128059692681,,,
/kaggle/input/datasets/tawsifurrahman/covid19-radiography-database/COVID-19_Radiography_Dataset/Normal/images/Normal-9996.png,Normal,Normal,0.2731035649776459,0.005694424267858267,0.7210760116577148,0.00012606359086930752,,0.2855508327484131,0.2855508327484131
/kaggle/input/datasets/tawsifurrahman/covid19-radiography-database/COVID-19_Radiography_Dataset/Normal/images/Normal-9997.png,Normal,Normal,0.059880856424570084,0.025689050555229187,0.9144192934036255,1.0860864676942583e-05,,0.4360184371471405,0.4360184371471405
/kaggle/input/datasets/tawsifurrahman/covid19-radiography-database/COVID-19_Radiography_Dataset/Normal/images/Normal-9998.png,Normal,Normal,0.0006206461112014949,0.04386322572827339,0.9555111527442932,5.027374754718039e-06,,,
/kaggle/input/datasets/tawsifurrahman/covid19-radiography-database/COVID-19_Radiography_Dataset/Normal/images/Normal-9999.png,Normal,Normal,8.278457971755415e-05,0.02471015974879265,0.9751721024513245,3.4997847251361236e-05,,,
/kaggle/input/datasets/tawsifurrahman/covid19-radiography-database/COVID-19_Radiography_Dataset/Viral Pneumonia/images/Viral Pneumonia-1011.png,Viral Pneumonia,Viral Pneumonia,0.00011639004515018314,1.906918805616442e-05,0.00013762562593910843,0.9997269511222839,,,
/kaggle/input/datasets/tawsifurrahman/covid19-radiography-database/COVID-19_Radiography_Dataset/Viral Pneumonia/images/Viral Pneumonia-1022.png,Viral Pneumonia,Viral Pneumonia,1.2848446203861386e-05,1.086415863937873e-06,2.848030999302864e-05,0.9999575614929199,,,
/kaggle/input/datasets/tawsifurrahman/covid19-radiography-database/COVID-19_Radiography_Dataset/Viral Pneumonia/images/Viral Pneumonia-1037.png,Viral Pneumonia,Viral Pneumonia,0.00030595509451813996,2.8561780709424056e-06,7.59927559101925e-07,0.9996904134750366,,,
/kaggle/input/datasets/tawsifurrahman/covid19-radiography-database/COVID-19_Radiography_Dataset/Viral Pneumonia/images/Viral Pneumonia-1051.png,Viral Pneumonia,Viral Pneumonia,0.00025370638468302786,1.9742539734579623e-05,0.0002717667375691235,0.9994547963142395,,,
/kaggle/input/datasets/tawsifurrahman/covid19-radiography-database/COVID-19_Radiography_Dataset/Viral Pneumonia/images/Viral Pneumonia-1053.png,Viral Pneumonia,Viral Pneumonia,0.024006184190511703,0.0008513578213751316,0.004977711010724306,0.9701647162437439,,0.2975279688835144,0.2975279688835144
/kaggle/input/datasets/tawsifurrahman/covid19-radiography-database/COVID-19_Radiography_Dataset/Viral Pneumonia/images/Viral Pneumonia-1055.png,Viral Pneumonia,Viral Pneumonia,0.0005606799968518317,6.68707289150916e-05,0.0002648865047376603,0.9991075396537781,,0.1882360428571701,0.1882360428571701
/kaggle/input/datasets/tawsifurrahman/covid19-radiography-database/COVID-19_Radiography_Dataset/Viral Pneumonia/images/Viral Pneumonia-106.png,Viral Pneumonia,Viral Pneumonia,3.6813646602240624e-06,2.1250866666377988e-06,9.049215441336855e-05,0.999903678894043,,0.36864566802978516,0.36864566802978516
/kaggle/input/datasets/tawsifurrahman/covid19-radiography-database/COVID-19_Radiography_Dataset/Viral Pneumonia/images/Viral Pneumonia-1061.png,Viral Pneumonia,Viral Pneumonia,6.566534284502268e-05,0.0005400636000558734,0.003857765579596162,0.9955364465713501,,,
/kaggle/input/datasets/tawsifurrahman/covid19-radiography-database/COVID-19_Radiography_Dataset/Viral Pneumonia/images/Viral Pneumonia-1064.png,Viral Pneumonia,Viral Pneumonia,6.889965789014241e-06,2.929961340214504e-08,4.311449629312847e-06,0.9999887943267822,,,
/kaggle/input/datasets/tawsifurrahman/covid19-radiography-database/COVID-19_Radiography_Dataset/Viral Pneumonia/images/Viral Pneumonia-1072.png,Viral Pneumonia,Normal,0.0005316967144608498,0.0026107446756213903,0.7417476177215576,0.255109965801239,,0.1899627149105072,0.1899627149105072
/kaggle/input/datasets/tawsifurrahman/covid19-radiography-database/COVID-19_Radiography_Dataset/Viral Pneumonia/images/Viral Pneumonia-1075.png,Viral Pneumonia,Viral Pneumonia,8.854079351294786e-05,3.3007859201461542e-06,0.00012810950283892453,0.999779999256134,,0.4066711366176605,0.4066711366176605
/kaggle/input/datasets/tawsifurrahman/covid19-radiography-database/COVID-19_Radiography_Dataset/Viral Pneumonia/images/Viral Pneumonia-1081.png,Viral Pneumonia,Viral Pneumonia,3.924411430489272e-05,7.368981459876522e-05,0.011294246651232243,0.9885928630828857,,,
/kaggle/input/datasets/tawsifurrahman/covid19-radiography-database/COVID-19_Radiography_Dataset/Viral Pneumonia/images/Viral Pneumonia-1084.png,Viral Pneumonia,Viral Pneumonia,4.238260657984938e-07,1.8081512962453417e-06,2.265646071464289e-05,0.9999750852584839,,0.28102049231529236,0.28102049231529236
/kaggle/input/datasets/tawsifurrahman/covid19-radiography-database/COVID-19_Radiography_Dataset/Viral Pneumonia/images/Viral Pneumonia-1085.png,Viral Pneumonia,Viral Pneumonia,4.0061080653686076e-05,1.3425194083538372e-05,0.0005045346915721893,0.999441921710968,,,
/kaggle/input/datasets/tawsifurrahman/covid19-radiography-database/COVID-19_Radiography_Dataset/Viral Pneumonia/images/Viral Pneumonia-1087.png,Viral Pneumonia,Viral Pneumonia,0.0093065882101655,4.1423088987357914e-05,0.009517856873571873,0.9811341762542725,,,
/kaggle/input/datasets/tawsifurrahman/covid19-radiography-database/COVID-19_Radiography_Dataset/Viral Pneumonia/images/Viral Pneumonia-109.png,Viral Pneumonia,Viral Pneumonia,7.2498073677707e-06,2.2510461349156685e-05,0.0003774348588194698,0.9995928406715393,,,
/kaggle/input/datasets/tawsifurrahman/covid19-radiography-database/COVID-19_Radiography_Dataset/Viral Pneumonia/images/Viral Pneumonia-1091.png,Viral Pneumonia,Viral Pneumonia,0.002066080691292882,0.00024577302974648774,0.0006707056891173124,0.9970173835754395,,,
/kaggle/input/datasets/tawsifurrahman/covid19-radiography-database/COVID-19_Radiography_Dataset/Viral Pneumonia/images/Viral Pneumonia-1096.png,Viral Pneumonia,Viral Pneumonia,0.00014896334323566407,6.92921958034276e-06,0.0004683566512539983,0.9993757605552673,,0.39114198088645935,0.39114198088645935
/kaggle/input/datasets/tawsifurrahman/covid19-radiography-database/COVID-19_Radiography_Dataset/Viral Pneumonia/images/Viral Pneumonia-1097.png,Viral Pneumonia,Viral Pneumonia,7.64789820095757e-06,5.491888259712141e-06,0.0010386871872469783,0.9989481568336487,,,
/kaggle/input/datasets/tawsifurrahman/covid19-radiography-database/COVID-19_Radiography_Dataset/Viral Pneumonia/images/Viral Pneumonia-110.png,Viral Pneumonia,Viral Pneumonia,4.5122650504936246e-08,2.5990411600673724e-08,1.0077067003066986e-07,0.9999998807907104,,0.4626992642879486,0.4626992642879486
/kaggle/input/datasets/tawsifurrahman/covid19-radiography-database/COVID-19_Radiography_Dataset/Viral Pneumonia/images/Viral Pneumonia-1103.png,Viral Pneumonia,Viral Pneumonia,4.040728526888415e-05,2.265570628878777e-06,0.000629949092399329,0.9993274211883545,,,
/kaggle/input/datasets/tawsifurrahman/covid19-radiography-database/COVID-19_Radiography_Dataset/Viral Pneumonia/images/Viral Pneumonia-1104.png,Viral Pneumonia,Viral Pneumonia,5.4757740144850686e-05,4.784073439623171e-07,1.7452422980568372e-05,0.999927282333374,,,
/kaggle/input/datasets/tawsifurrahman/covid19-radiography-database/COVID-19_Radiography_Dataset/Viral Pneumonia/images/Viral Pneumonia-1117.png,Viral Pneumonia,Viral Pneumonia,9.160910394712118e-07,8.067723342719546e-07,1.0203290912613738e-05,0.9999880790710449,,,
/kaggle/input/datasets/tawsifurrahman/covid19-radiography-database/COVID-19_Radiography_Dataset/Viral Pneumonia/images/Viral Pneumonia-1119.png,Viral Pneumonia,Viral Pneumonia,0.0015378613024950027,0.0008850796730257571,0.003464760957285762,0.9941121935844421,,0.2897038161754608,0.2897038161754608
/kaggle/input/datasets/tawsifurrahman/covid19-radiography-database/COVID-19_Radiography_Dataset/Viral Pneumonia/images/Viral Pneumonia-1122.png,Viral Pneumonia,Viral Pneumonia,0.00015062502643559128,0.0001689301134319976,0.0019626286812126637,0.9977178573608398,,,
/kaggle/input/datasets/tawsifurrahman/covid19-radiography-database/COVID-19_Radiography_Dataset/Viral Pneumonia/images/Viral Pneumonia-1129.png,Viral Pneumonia,Viral Pneumonia,7.117410405044211e-06,1.8938146695290925e-06,9.431635589862708e-06,0.9999815225601196,,,
/kaggle/input/datasets/tawsifurrahman/covid19-radiography-database/COVID-19_Radiography_Dataset/Viral Pneumonia/images/Viral Pneumonia-1134.png,Viral Pneumonia,Viral Pneumonia,1.0371396683694911e-06,1.449625756322348e-06,2.218404233644833e-06,0.9999953508377075,,0.2549721300601959,0.2549721300601959
/kaggle/input/datasets/tawsifurrahman/covid19-radiography-database/COVID-19_Radiography_Dataset/Viral Pneumonia/images/Viral Pneumonia-1145.png,Viral Pneumonia,Viral Pneumonia,1.1405934401409468e-06,3.744405887573521e-07,5.780444189440459e-05,0.9999407529830933,,,
/kaggle/input/datasets/tawsifurrahman/covid19-radiography-database/COVID-19_Radiography_Dataset/Viral Pneumonia/images/Viral Pneumonia-1169.png,Viral Pneumonia,Viral Pneumonia,0.0002491146151442081,2.2834353785583517e-06,0.00020200926519464701,0.9995465874671936,,0.4357086420059204,0.4357086420059204
/kaggle/input/datasets/tawsifurrahman/covid19-radiography-database/COVID-19_Radiography_Dataset/Viral Pneumonia/images/Viral Pneumonia-1173.png,Viral Pneumonia,Viral Pneumonia,1.2174626817795797e-06,1.1037180058792728e-08,3.078004624512687e-07,0.9999984502792358,,,
/kaggle/input/datasets/tawsifurrahman/covid19-radiography-database/COVID-19_Radiography_Dataset/Viral Pneumonia/images/Viral Pneumonia-1178.png,Viral Pneumonia,Viral Pneumonia,3.9800947888579685e-06,7.905762799964577e-07,1.8093899143423187e-06,0.9999933242797852,,0.47397151589393616,0.47397151589393616
/kaggle/input/datasets/tawsifurrahman/covid19-radiography-database/COVID-19_Radiography_Dataset/Viral Pneumonia/images/Viral Pneumonia-1179.png,Viral Pneumonia,Viral Pneumonia,1.3040839519362635e-07,9.56700532128707e-08,2.961635118481354e-06,0.9999967813491821,,0.38701581954956055,0.38701581954956055
/kaggle/input/datasets/tawsifurrahman/covid19-radiography-database/COVID-19_Radiography_Dataset/Viral Pneumonia/images/Viral Pneumonia-118.png,Viral Pneumonia,Viral Pneumonia,3.3795911349443486e-06,5.086040346213849e-06,0.0010689006885513663,0.9989225268363953,,,
/kaggle/input/datasets/tawsifurrahman/covid19-radiography-database/COVID-19_Radiography_Dataset/Viral Pneumonia/images/Viral Pneumonia-1187.png,Viral Pneumonia,Viral Pneumonia,3.3253479614359094e-06,1.3630575779188803e-08,3.898274485436559e-07,0.9999963045120239,,,
/kaggle/input/datasets/tawsifurrahman/covid19-radiography-database/COVID-19_Radiography_Dataset/Viral Pneumonia/images/Viral Pneumonia-1191.png,Viral Pneumonia,Viral Pneumonia,2.409099764122402e-08,1.2345633404464706e-09,1.548711736631958e-08,1.0,,,
/kaggle/input/datasets/tawsifurrahman/covid19-radiography-database/COVID-19_Radiography_Dataset/Viral Pneumonia/images/Viral Pneumonia-1195.png,Viral Pneumonia,Viral Pneumonia,5.693466664524749e-05,9.691393643151969e-06,1.0539027243794408e-05,0.9999228715896606,,,
/kaggle/input/datasets/tawsifurrahman/covid19-radiography-database/COVID-19_Radiography_Dataset/Viral Pneumonia/images/Viral Pneumonia-12.png,Viral Pneumonia,Viral Pneumonia,0.0029272567480802536,0.0006672913441434503,0.0020640145521610975,0.9943413734436035,,0.5095722675323486,0.5095722675323486
/kaggle/input/datasets/tawsifurrahman/covid19-radiography-database/COVID-19_Radiography_Dataset/Viral Pneumonia/images/Viral Pneumonia-120.png,Viral Pneumonia,Viral Pneumonia,4.0831281467035296e-07,2.4996656065923162e-05,5.195332414587028e-05,0.9999226331710815,,,
/kaggle/input/datasets/tawsifurrahman/covid19-radiography-database/COVID-19_Radiography_Dataset/Viral Pneumonia/images/Viral Pneumonia-1202.png,Viral Pneumonia,Viral Pneumonia,1.564539888931904e-05,1.9631344912340865e-05,0.008506658487021923,0.9914581179618835,,,
/kaggle/input/datasets/tawsifurrahman/covid19-radiography-database/COVID-19_Radiography_Dataset/Viral Pneumonia/images/Viral Pneumonia-1218.png,Viral Pneumonia,Viral Pneumonia,0.0004255636886227876,8.467231236863881e-05,0.0006835926324129105,0.9988062381744385,,,
/kaggle/input/datasets/tawsifurrahman/covid19-radiography-database/COVID-19_Radiography_Dataset/Viral Pneumonia/images/Viral Pneumonia-1224.png,Viral Pneumonia,Normal,0.0012464546598494053,0.000470799976028502,0.9922418594360352,0.006040869280695915,,,
/kaggle/input/datasets/tawsifurrahman/covid19-radiography-database/COVID-19_Radiography_Dataset/Viral Pneumonia/images/Viral Pneumonia-1228.png,Viral Pneumonia,Viral Pneumonia,0.0159015916287899,0.0014726045774295926,0.00044781522592529655,0.9821780323982239,,,
/kaggle/input/datasets/tawsifurrahman/covid19-radiography-database/COVID-19_Radiography_Dataset/Viral Pneumonia/images/Viral Pneumonia-1237.png,Viral Pneumonia,Normal,0.007824975065886974,0.00048764588427729905,0.987472653388977,0.004214698914438486,,0.3264705240726471,0.3264705240726471
/kaggle/input/datasets/tawsifurrahman/covid19-radiography-database/COVID-19_Radiography_Dataset/Viral Pneumonia/images/Viral Pneumonia-1240.png,Viral Pneumonia,Viral Pneumonia,0.07541627436876297,0.026188872754573822,0.046655815094709396,0.8517389893531799,,0.3509049117565155,0.3509049117565155
/kaggle/input/datasets/tawsifurrahman/covid19-radiography-database/COVID-19_Radiography_Dataset/Viral Pneumonia/images/Viral Pneumonia-1242.png,Viral Pneumonia,Viral Pneumonia,0.002140734111890197,0.0028514883015304804,0.0004976878990419209,0.9945100545883179,,,
/kaggle/input/datasets/tawsifurrahman/covid19-radiography-database/COVID-19_Radiography_Dataset/Viral Pneumonia/images/Viral Pneumonia-1243.png,Viral Pneumonia,Viral Pneumonia,3.3843659252852376e-07,1.1743539971575956e-06,5.139624045114033e-05,0.9999470710754395,,,
/kaggle/input/datasets/tawsifurrahman/covid19-radiography-database/COVID-19_Radiography_Dataset/Viral Pneumonia/images/Viral Pneumonia-1244.png,Viral Pneumonia,Viral Pneumonia,0.0023455964401364326,1.5424780940520577e-05,0.005943900439888239,0.9916951060295105,,,
/kaggle/input/datasets/tawsifurrahman/covid19-radiography-database/COVID-19_Radiography_Dataset/Viral Pneumonia/images/Viral Pneumonia-1254.png,Viral Pneumonia,Viral Pneumonia,0.005718824453651905,0.004666381981223822,0.13365225493907928,0.8559625744819641,,,
/kaggle/input/datasets/tawsifurrahman/covid19-radiography-database/COVID-19_Radiography_Dataset/Viral Pneumonia/images/Viral Pneumonia-1261.png,Viral Pneumonia,Viral Pneumonia,1.766467721608933e-05,1.0226290214632172e-05,8.710836118552834e-05,0.9998849630355835,,0.4241901636123657,0.4241901636123657
/kaggle/input/datasets/tawsifurrahman/covid19-radiography-database/COVID-19_Radiography_Dataset/Viral Pneumonia/images/Viral Pneumonia-1263.png,Viral Pneumonia,Normal,0.004630586598068476,0.0011484931455925107,0.8131789565086365,0.18104194104671478,,0.24156804382801056,0.24156804382801056
/kaggle/input/datasets/tawsifurrahman/covid19-radiography-database/COVID-19_Radiography_Dataset/Viral Pneumonia/images/Viral Pneumonia-1267.png,Viral Pneumonia,Viral Pneumonia,0.0002828233118634671,3.389175617485307e-05,0.00019963124941568822,0.9994837045669556,,,
/kaggle/input/datasets/tawsifurrahman/covid19-radiography-database/COVID-19_Radiography_Dataset/Viral Pneumonia/images/Viral Pneumonia-1269.png,Viral Pneumonia,Viral Pneumonia,9.739178494783118e-07,1.2582213457790203e-06,8.984015039459337e-06,0.9999886751174927,,,
/kaggle/input/datasets/tawsifurrahman/covid19-radiography-database/COVID-19_Radiography_Dataset/Viral Pneumonia/images/Viral Pneumonia-127.png,Viral Pneumonia,Viral Pneumonia,0.00015622087812516838,0.00014596812252420932,3.9567625208292156e-05,0.9996582269668579,,,
/kaggle/input/datasets/tawsifurrahman/covid19-radiography-database/COVID-19_Radiography_Dataset/Viral Pneumonia/images/Viral Pneumonia-1281.png,Viral Pneumonia,Viral Pneumonia,0.003362962044775486,4.705847459263168e-05,0.0004351093666628003,0.9961548447608948,,0.5343748331069946,0.5343748331069946
/kaggle/input/datasets/tawsifurrahman/covid19-radiography-database/COVID-19_Radiography_Dataset/Viral Pneumonia/images/Viral Pneumonia-1286.png,Viral Pneumonia,Viral Pneumonia,5.33443562744651e-05,1.4517482327391917e-07,9.547375157126226e-06,0.9999369382858276,,,
/kaggle/input/datasets/tawsifurrahman/covid19-radiography-database/COVID-19_Radiography_Dataset/Viral Pneumonia/images/Viral Pneumonia-129.png,Viral Pneumonia,Viral Pneumonia,7.498712761844217e-07,1.4403872228285763e-07,1.841758239606861e-05,0.9999806880950928,,0.4876639246940613,0.4876639246940613
/kaggle/input/datasets/tawsifurrahman/covid19-radiography-database/COVID-19_Radiography_Dataset/Viral Pneumonia/images/Viral Pneumonia-1298.png,Viral Pneumonia,Viral Pneumonia,1.0805315753259492e-07,1.097970496743983e-07,4.718335162579024e-07,0.9999992847442627,,,
/kaggle/input/datasets/tawsifurrahman/covid19-radiography-database/COVID-19_Radiography_Dataset/Viral Pneumonia/images/Viral Pneumonia-1304.png,Viral Pneumonia,Viral Pneumonia,1.3977869457448833e-05,4.911379747341016e-08,7.662597454327624e-07,0.9999852180480957,,,
/kaggle/input/datasets/tawsifurrahman/covid19-radiography-database/COVID-19_Radiography_Dataset/Viral Pneumonia/images/Viral Pneumonia-1309.png,Viral Pneumonia,Viral Pneumonia,1.397101459588157e-05,5.102896466269158e-06,7.897776231402531e-05,0.9999018907546997,,,
/kaggle/input/datasets/tawsifurrahman/covid19-radiography-database/COVID-19_Radiography_Dataset/Viral Pneumonia/images/Viral Pneumonia-1310.png,Viral Pneumonia,Viral Pneumonia,1.0752897651400417e-05,2.792482689528697e-07,7.168331649154425e-06,0.9999818801879883,,,
/kaggle/input/datasets/tawsifurrahman/covid19-radiography-database/COVID-19_Radiography_Dataset/Viral Pneumonia/images/Viral Pneumonia-1313.png,Viral Pneumonia,Viral Pneumonia,3.0671237709611887e-06,1.0172568920552294e-07,1.0362565916466338e-07,0.9999966621398926,,,
/kaggle/input/datasets/tawsifurrahman/covid19-radiography-database/COVID-19_Radiography_Dataset/Viral Pneumonia/images/Viral Pneumonia-1316.png,Viral Pneumonia,Viral Pneumonia,0.00014247278159018606,0.00014685606583952904,0.0006555272848345339,0.9990552067756653,,,
/kaggle/input/datasets/tawsifurrahman/covid19-radiography-database/COVID-19_Radiography_Dataset/Viral Pneumonia/images/Viral Pneumonia-1318.png,Viral Pneumonia,Viral Pneumonia,1.4627695236413274e-05,0.00010795197886181995,0.0007171086617745459,0.9991604089736938,,,
/kaggle/input/datasets/tawsifurrahman/covid19-radiography-database/COVID-19_Radiography_Dataset/Viral Pneumonia/images/Viral Pneumonia-1333.png,Viral Pneumonia,Viral Pneumonia,1.0380791763964226e-06,3.881057253352083e-09,3.0627791147708194e-07,0.9999986886978149,,,
/kaggle/input/datasets/tawsifurrahman/covid19-radiography-database/COVID-19_Radiography_Dataset/Viral Pneumonia/images/Viral Pneumonia-1334.png,Viral Pneumonia,Viral Pneumonia,4.7135625891314703e-07,1.5711673029272788e-07,5.080397386336699e-05,0.9999486207962036,,0.35578155517578125,0.35578155517578125
/kaggle/input/datasets/tawsifurrahman/covid19-radiography-database/COVID-19_Radiography_Dataset/Viral Pneumonia/images/Viral Pneumonia-1335.png,Viral Pneumonia,Viral Pneumonia,3.25695123137848e-06,2.5495068257441744e-05,1.4280720279202797e-05,0.9999569654464722,,,
/kaggle/input/datasets/tawsifurrahman/covid19-radiography-database/COVID-19_Radiography_Dataset/Viral Pneumonia/images/Viral Pneumonia-1337.png,Viral Pneumonia,Viral Pneumonia,0.00010249745537294075,1.4440095583267976e-05,0.0005864141858182847,0.9992966651916504,,,
/kaggle/input/datasets/tawsifurrahman/covid19-radiography-database/COVID-19_Radiography_Dataset/Viral Pneumonia/images/Viral Pneumonia-137.png,Viral Pneumonia,Normal,0.024172350764274597,0.021775655448436737,0.6259016394615173,0.32815033197402954,,,
/kaggle/input/datasets/tawsifurrahman/covid19-radiography-database/COVID-19_Radiography_Dataset/Viral Pneumonia/images/Viral Pneumonia-151.png,Viral Pneumonia,Viral Pneumonia,7.44629824112053e-06,7.58860991822985e-08,4.665123469749233e-06,0.9999877214431763,,,
/kaggle/input/datasets/tawsifurrahman/covid19-radiography-database/COVID-19_Radiography_Dataset/Viral Pneumonia/images/Viral Pneumonia-156.png,Viral Pneumonia,Viral Pneumonia,0.0004512364394031465,6.088758527766913e-05,0.01354101300239563,0.9859469532966614,,0.3510724604129791,0.3510724604129791
/kaggle/input/datasets/tawsifurrahman/covid19-radiography-database/COVID-19_Radiography_Dataset/Viral Pneumonia/images/Viral Pneumonia-157.png,Viral Pneumonia,Viral Pneumonia,0.0017723829951137304,0.00028924294747412205,0.0005258555756881833,0.9974125027656555,,,
/kaggle/input/datasets/tawsifurrahman/covid19-radiography-database/COVID-19_Radiography_Dataset/Viral Pneumonia/images/Viral Pneumonia-16.png,Viral Pneumonia,Normal,0.013014904223382473,0.005092659965157509,0.9147458076477051,0.06714660674333572,,,
/kaggle/input/datasets/tawsifurrahman/covid19-radiography-database/COVID-19_Radiography_Dataset/Viral Pneumonia/images/Viral Pneumonia-166.png,Viral Pneumonia,Viral Pneumonia,0.00027964275795966387,0.00024623851641081274,0.014821021817624569,0.9846530556678772,,,
/kaggle/input/datasets/tawsifurrahman/covid19-radiography-database/COVID-19_Radiography_Dataset/Viral Pneumonia/images/Viral Pneumonia-169.png,Viral Pneumonia,Viral Pneumonia,0.0005894624628126621,0.005149047821760178,0.47262489795684814,0.5216365456581116,,0.5404977798461914,0.5404977798461914
/kaggle/input/datasets/tawsifurrahman/covid19-radiography-database/COVID-19_Radiography_Dataset/Viral Pneumonia/images/Viral Pneumonia-172.png,Viral Pneumonia,Viral Pneumonia,2.852721763701993e-06,4.248384720995091e-05,9.239245264325291e-05,0.9998623132705688,,,
/kaggle/input/datasets/tawsifurrahman/covid19-radiography-database/COVID-19_Radiography_Dataset/Viral Pneumonia/images/Viral Pneumonia-184.png,Viral Pneumonia,Viral Pneumonia,0.002903218846768141,1.8318040019948967e-05,7.703828487137798e-06,0.9970707893371582,,,
/kaggle/input/datasets/tawsifurrahman/covid19-radiography-database/COVID-19_Radiography_Dataset/Viral Pneumonia/images/Viral Pneumonia-191.png,Viral Pneumonia,Viral Pneumonia,8.867010365065653e-06,2.2501852470213635e-07,2.4272736482089385e-05,0.9999666213989258,,,
/kaggle/input/datasets/tawsifurrahman/covid19-radiography-database/COVID-19_Radiography_Dataset/Viral Pneumonia/images/Viral Pneumonia-192.png,Viral Pneumonia,Viral Pneumonia,0.0002807769924402237,1.48089225149306e-06,5.240276732365601e-05,0.999665379524231,,,
/kaggle/input/datasets/tawsifurrahman/covid19-radiography-database/COVID-19_Radiography_Dataset/Viral Pneumonia/images/Viral Pneumonia-2.png,Viral Pneumonia,Viral Pneumonia,6.476665816990135e-07,2.019792418650468e-06,9.206419781548902e-05,0.9999052286148071,,0.33279237151145935,0.33279237151145935
/kaggle/input/datasets/tawsifurrahman/covid19-radiography-database/COVID-19_Radiography_Dataset/Viral Pneumonia/images/Viral Pneumonia-215.png,Viral Pneumonia,Viral Pneumonia,1.3811109056405257e-06,1.5031079669824976e-07,3.21393963531591e-06,0.999995231628418,,0.2934538722038269,0.2934538722038269
/kaggle/input/datasets/tawsifurrahman/covid19-radiography-database/COVID-19_Radiography_Dataset/Viral Pneumonia/images/Viral Pneumonia-222.png,Viral Pneumonia,Viral Pneumonia,0.00015111615357454866,6.953994216019055e-06,2.538561966503039e-05,0.9998165965080261,,,
/kaggle/input/datasets/tawsifurrahman/covid19-radiography-database/COVID-19_Radiography_Dataset/Viral Pneumonia/images/Viral Pneumonia-227.png,Viral Pneumonia,Viral Pneumonia,1.0966063200612552e-05,5.450909270621196e-07,5.101366241433425e-06,0.9999833106994629,,,
/kaggle/input/datasets/tawsifurrahman/covid19-radiography-database/COVID-19_Radiography_Dataset/Viral Pneumonia/images/Viral Pneumonia-237.png,Viral Pneumonia,Viral Pneumonia,0.10830074548721313,0.03631120175123215,0.026696396991610527,0.8286916017532349,,,
/kaggle/input/datasets/tawsifurrahman/covid19-radiography-database/COVID-19_Radiography_Dataset/Viral Pneumonia/images/Viral Pneumonia-242.png,Viral Pneumonia,Viral Pneumonia,1.6250194676104002e-05,8.236858093368937e-07,0.00011925888247787952,0.9998636245727539,,,
/kaggle/input/datasets/tawsifurrahman/covid19-radiography-database/COVID-19_Radiography_Dataset/Viral Pneumonia/images/Viral Pneumonia-250.png,Viral Pneumonia,Viral Pneumonia,6.376208148139995e-07,0.00023459435033146292,0.0004894320736639202,0.9992753863334656,,0.38273096084594727,0.38273096084594727
/kaggle/input/datasets/tawsifurrahman/covid19-radiography-database/COVID-19_Radiography_Dataset/Viral Pneumonia/images/Viral Pneumonia-256.png,Viral Pneumonia,Viral Pneumonia,9.693247193354182e-06,1.701618566585239e-05,0.0017659812001511455,0.9982073307037354,,,
/kaggle/input/datasets/tawsifurrahman/covid19-radiography-database/COVID-19_Radiography_Dataset/Viral Pneumonia/images/Viral Pneumonia-261.png,Viral Pneumonia,Viral Pneumonia,6.91242385073565e-05,8.039471140364185e-05,0.001730283722281456,0.998120129108429,,,
/kaggle/input/datasets/tawsifurrahman/covid19-radiography-database/COVID-19_Radiography_Dataset/Viral Pneumonia/images/Viral Pneumonia-262.png,Viral Pneumonia,Viral Pneumonia,6.822691375418799e-06,1.0088049293699441e-06,7.76990782469511e-05,0.9999145269393921,,,
/kaggle/input/datasets/tawsifurrahman/covid19-radiography-database/COVID-19_Radiography_Dataset/Viral Pneumonia/images/Viral Pneumonia-263.png,Viral Pneumonia,Viral Pneumonia,5.1086612984363455e-06,4.860819899477065e-06,6.2620929384138435e-06,0.9999837875366211,,0.42604300379753113,0.42604300379753113
/kaggle/input/datasets/tawsifurrahman/covid19-radiography-database/COVID-19_Radiography_Dataset/Viral Pneumonia/images/Viral Pneumonia-273.png,Viral Pneumonia,Viral Pneumonia,7.930682841106318e-06,4.170361535216216e-06,3.3054788218578324e-05,0.9999548196792603,,0.3873569369316101,0.3873569369316101
/kaggle/input/datasets/tawsifurrahman/covid19-radiography-database/COVID-19_Radiography_Dataset/Viral Pneumonia/images/Viral Pneumonia-283.png,Viral Pneumonia,Viral Pneumonia,3.922817995771766e-06,1.0182260368196694e-08,2.96514315323293e-07,0.9999958276748657,,,
/kaggle/input/datasets/tawsifurrahman/covid19-radiography-database/COVID-19_Radiography_Dataset/Viral Pneumonia/images/Viral Pneumonia-291.png,Viral Pneumonia,Viral Pneumonia,2.2551203073817305e-06,4.3379520775488345e-07,3.672090679174289e-05,0.9999605417251587,,0.42517516016960144,0.42517516016960144
/kaggle/input/datasets/tawsifurrahman/covid19-radiography-database/COVID-19_Radiography_Dataset/Viral Pneumonia/images/Viral Pneumonia-31.png,Viral Pneumonia,Normal,0.05572587624192238,0.008596616797149181,0.8292246460914612,0.10645288974046707,,,
/kaggle/input/datasets/tawsifurrahman/covid19-radiography-database/COVID-19_Radiography_Dataset/Viral Pneumonia/images/Viral Pneumonia-315.png,Viral Pneumonia,Viral Pneumonia,0.061607420444488525,0.009426702745258808,0.0030765789560973644,0.9258893132209778,,,
/kaggle/input/datasets/tawsifurrahman/covid19-radiography-database/COVID-19_Radiography_Dataset/Viral Pneumonia/images/Viral Pneumonia-316.png,Viral Pneumonia,Lung_Opacity,0.04000236466526985,0.6399328708648682,0.15082807838916779,0.1692366600036621,,0.3712121844291687,0.3712121844291687
/kaggle/input/datasets/tawsifurrahman/covid19-radiography-database/COVID-19_Radiography_Dataset/Viral Pneumonia/images/Viral Pneumonia-357.png,Viral Pneumonia,Viral Pneumonia,2.4769597075646743e-06,3.6456344787438866e-06,8.93343622010434e-06,0.999984860420227,,0.26529091596603394,0.26529091596603394
/kaggle/input/datasets/tawsifurrahman/covid19-radiography-database/COVID-19_Radiography_Dataset/Viral Pneumonia/images/Viral Pneumonia-367.png,Viral Pneumonia,Viral Pneumonia,0.006509206257760525,0.0012728245928883553,0.040626220405101776,0.9515917897224426,,,
/kaggle/input/datasets/tawsifurrahman/covid19-radiography-database/COVID-19_Radiography_Dataset/Viral Pneumonia/images/Viral Pneumonia-369.png,Viral Pneumonia,Viral Pneumonia,5.5257992244150955e-06,0.0003801221027970314,0.005235492717474699,0.9943788647651672,,,
/kaggle/input/datasets/tawsifurrahman/covid19-radiography-database/COVID-19_Radiography_Dataset/Viral Pneumonia/images/Viral Pneumonia-370.png,Viral Pneumonia,Viral Pneumonia,5.629904080706183e-06,4.0849761262506945e-07,6.065368324925657e-06,0.9999879598617554,,,
/kaggle/input/datasets/tawsifurrahman/covid19-radiography-database/COVID-19_Radiography_Dataset/Viral Pneumonia/images/Viral Pneumonia-373.png,Viral Pneumonia,Viral Pneumonia,0.08404479920864105,1.4583618394681253e-05,7.971772720338777e-05,0.9158608913421631,,,
/kaggle/input/datasets/tawsifurrahman/covid19-radiography-database/COVID-19_Radiography_Dataset/Viral Pneumonia/images/Viral Pneumonia-374.png,Viral Pneumonia,Viral Pneumonia,0.11294251680374146,0.29412269592285156,0.03310609236359596,0.5598286986351013,,0.02990560047328472,0.02990560047328472
/kaggle/input/datasets/tawsifurrahman/covid19-radiography-database/COVID-19_Radiography_Dataset/Viral Pneumonia/images/Viral Pneumonia-376.png,Viral Pneumonia,Viral Pneumonia,4.219868060317822e-05,6.661015049758134e-06,0.0006676419288851321,0.999283492565155,,,
/kaggle/input/datasets/tawsifurrahman/covid19-radiography-database/COVID-19_Radiography_Dataset/Viral Pneumonia/images/Viral Pneumonia-391.png,Viral Pneumonia,Viral Pneumonia,0.00064138846937567,1.8046863260678947e-05,0.02461138367652893,0.9747291803359985,,,
/kaggle/input/datasets/tawsifurrahman/covid19-radiography-database/COVID-19_Radiography_Dataset/Viral Pneumonia/images/Viral Pneumonia-394.png,Viral Pneumonia,Viral Pneumonia,0.0001036671528709121,0.000277531158644706,0.0031262882985174656,0.9964925646781921,,,
/kaggle/input/datasets/tawsifurrahman/covid19-radiography-database/COVID-19_Radiography_Dataset/Viral Pneumonia/images/Viral Pneumonia-409.png,Viral Pneumonia,Viral Pneumonia,2.4581672164458723e-07,7.542099722535056e-10,1.6748279207945416e-08,0.9999997615814209,,0.3804105818271637,0.3804105818271637
/kaggle/input/datasets/tawsifurrahman/covid19-radiography-database/COVID-19_Radiography_Dataset/Viral Pneumonia/images/Viral Pneumonia-413.png,Viral Pneumonia,Viral Pneumonia,1.0248005537505378e-06,2.2764216112136637e-07,1.283005258301273e-05,0.999985933303833,,0.4068767726421356,0.4068767726421356
/kaggle/input/datasets/tawsifurrahman/covid19-radiography-database/COVID-19_Radiography_Dataset/Viral Pneumonia/images/Viral Pneumonia-417.png,Viral Pneumonia,Viral Pneumonia,2.1899712010053918e-05,4.742517376143951e-06,0.0007196232327260077,0.9992536902427673,,0.3830644190311432,0.3830644190311432
/kaggle/input/datasets/tawsifurrahman/covid19-radiography-database/COVID-19_Radiography_Dataset/Viral Pneumonia/images/Viral Pneumonia-428.png,Viral Pneumonia,Viral Pneumonia,6.381493585649878e-05,9.053933922587021e-07,2.907318230427336e-05,0.9999061822891235,,,
/kaggle/input/datasets/tawsifurrahman/covid19-radiography-database/COVID-19_Radiography_Dataset/Viral Pneumonia/images/Viral Pneumonia-429.png,Viral Pneumonia,Viral Pneumonia,0.0004720045253634453,7.406283657473978e-07,6.248754652915522e-05,0.9994648098945618,,,
/kaggle/input/datasets/tawsifurrahman/covid19-radiography-database/COVID-19_Radiography_Dataset/Viral Pneumonia/images/Viral Pneumonia-433.png,Viral Pneumonia,Viral Pneumonia,1.939547473739367e-07,3.746616794586544e-09,4.221444882546166e-08,0.9999997615814209,,0.36873766779899597,0.36873766779899597
/kaggle/input/datasets/tawsifurrahman/covid19-radiography-database/COVID-19_Radiography_Dataset/Viral Pneumonia/images/Viral Pneumonia-459.png,Viral Pneumonia,Viral Pneumonia,5.647796206176281e-05,2.2868209725857014e-06,0.00043135214946232736,0.9995099306106567,,0.44114404916763306,0.44114404916763306
/kaggle/input/datasets/tawsifurrahman/covid19-radiography-database/COVID-19_Radiography_Dataset/Viral Pneumonia/images/Viral Pneumonia-471.png,Viral Pneumonia,Viral Pneumonia,2.2263835489866324e-05,1.1998937452517566e-06,1.2389398762024939e-05,0.9999641180038452,,0.39241427183151245,0.39241427183151245
/kaggle/input/datasets/tawsifurrahman/covid19-radiography-database/COVID-19_Radiography_Dataset/Viral Pneumonia/images/Viral Pneumonia-473.png,Viral Pneumonia,Viral Pneumonia,4.850000550504774e-06,4.849718607147224e-06,0.0030397630762308836,0.9969505071640015,,,
/kaggle/input/datasets/tawsifurrahman/covid19-radiography-database/COVID-19_Radiography_Dataset/Viral Pneumonia/images/Viral Pneumonia-478.png,Viral Pneumonia,Viral Pneumonia,0.00010512556764297187,4.15819558838848e-05,0.0012832725187763572,0.9985700845718384,,,
/kaggle/input/datasets/tawsifurrahman/covid19-radiography-database/COVID-19_Radiography_Dataset/Viral Pneumonia/images/Viral Pneumonia-483.png,Viral Pneumonia,Viral Pneumonia,0.0008505373261868954,0.00036402864498086274,0.005069625098258257,0.9937158226966858,,,
/kaggle/input/datasets/tawsifurrahman/covid19-radiography-database/COVID-19_Radiography_Dataset/Viral Pneumonia/images/Viral Pneumonia-489.png,Viral Pneumonia,Viral Pneumonia,6.451898570958292e-06,5.6026051424851175e-06,0.00034976284950971603,0.9996381998062134,,,
/kaggle/input/datasets/tawsifurrahman/covid19-radiography-database/COVID-19_Radiography_Dataset/Viral Pneumonia/images/Viral Pneumonia-493.png,Viral Pneumonia,Viral Pneumonia,5.763091394328512e-05,0.00012510483793448657,0.009718370623886585,0.9900988936424255,,,
/kaggle/input/datasets/tawsifurrahman/covid19-radiography-database/COVID-19_Radiography_Dataset/Viral Pneumonia/images/Viral Pneumonia-495.png,Viral Pneumonia,Viral Pneumonia,0.0012378438841551542,5.754872489660556e-08,3.585796548577491e-06,0.9987585544586182,,0.4324880540370941,0.4324880540370941
/kaggle/input/datasets/tawsifurrahman/covid19-radiography-database/COVID-19_Radiography_Dataset/Viral Pneumonia/images/Viral Pneumonia-496.png,Viral Pneumonia,Viral Pneumonia,9.017795150612073e-07,2.5871490834106226e-06,0.0003112286503892392,0.9996852874755859,,,
/kaggle/input/datasets/tawsifurrahman/covid19-radiography-database/COVID-19_Radiography_Dataset/Viral Pneumonia/images/Viral Pneumonia-50.png,Viral Pneumonia,Viral Pneumonia,0.0003100691828876734,2.7281104848952964e-05,0.006779212038964033,0.992883563041687,,,
/kaggle/input/datasets/tawsifurrahman/covid19-radiography-database/COVID-19_Radiography_Dataset/Viral Pneumonia/images/Viral Pneumonia-503.png,Viral Pneumonia,Viral Pneumonia,6.5966733018285595e-06,9.203951663039334e-07,2.1574058337137103e-05,0.9999709129333496,,,
/kaggle/input/datasets/tawsifurrahman/covid19-radiography-database/COVID-19_Radiography_Dataset/Viral Pneumonia/images/Viral Pneumonia-504.png,Viral Pneumonia,Viral Pneumonia,7.76989236328518e-06,9.928440292128471e-09,2.012229060710524e-06,0.9999902248382568,,,
/kaggle/input/datasets/tawsifurrahman/covid19-radiography-database/COVID-19_Radiography_Dataset/Viral Pneumonia/images/Viral Pneumonia-514.png,Viral Pneumonia,Viral Pneumonia,2.5782072043512017e-05,4.290912693249993e-05,0.003341616364195943,0.9965897798538208,,,
/kaggle/input/datasets/tawsifurrahman/covid19-radiography-database/COVID-19_Radiography_Dataset/Viral Pneumonia/images/Viral Pneumonia-525.png,Viral Pneumonia,Viral Pneumonia,2.396093805145938e-05,7.927831120468909e-07,0.00029745581559836864,0.9996777772903442,,,
/kaggle/input/datasets/tawsifurrahman/covid19-radiography-database/COVID-19_Radiography_Dataset/Viral Pneumonia/images/Viral Pneumonia-526.png,Viral Pneumonia,Viral Pneumonia,6.427981134038419e-05,6.1528121477749664e-06,5.473993587656878e-05,0.9998747110366821,,,
/kaggle/input/datasets/tawsifurrahman/covid19-radiography-database/COVID-19_Radiography_Dataset/Viral Pneumonia/images/Viral Pneumonia-533.png,Viral Pneumonia,Viral Pneumonia,8.615357728558592e-06,3.940039096050896e-05,0.001148874405771494,0.9988031387329102,,,
/kaggle/input/datasets/tawsifurrahman/covid19-radiography-database/COVID-19_Radiography_Dataset/Viral Pneumonia/images/Viral Pneumonia-549.png,Viral Pneumonia,Viral Pneumonia,1.4222921890905127e-05,8.647098184155766e-06,0.0001083670649677515,0.9998687505722046,,0.3718433380126953,0.3718433380126953
/kaggle/input/datasets/tawsifurrahman/covid19-radiography-database/COVID-19_Radiography_Dataset/Viral Pneumonia/images/Viral Pneumonia-55.png,Viral Pneumonia,Viral Pneumonia,1.1581133549043443e-05,2.873675384762464e-06,0.0010897214524447918,0.9988957643508911,,,
/kaggle/input/datasets/tawsifurrahman/covid19-radiography-database/COVID-19_Radiography_Dataset/Viral Pneumonia/images/Viral Pneumonia-550.png,Viral Pneumonia,Viral Pneumonia,9.183287374980864e-07,1.667791451609446e-07,8.834677828417625e-06,0.9999901056289673,,,
/kaggle/input/datasets/tawsifurrahman/covid19-radiography-database/COVID-19_Radiography_Dataset/Viral Pneumonia/images/Viral Pneumonia-552.png,Viral Pneumonia,Viral Pneumonia,1.1914635251741856e-05,1.4504785212920979e-06,3.654127795016393e-05,0.9999501705169678,,0.4125211536884308,0.4125211536884308
/kaggle/input/datasets/tawsifurrahman/covid19-radiography-database/COVID-19_Radiography_Dataset/Viral Pneumonia/images/Viral Pneumonia-556.png,Viral Pneumonia,Viral Pneumonia,8.121129440041841e-07,6.12594490689844e-08,7.817648111085873e-06,0.9999912977218628,,,
/kaggle/input/datasets/tawsifurrahman/covid19-radiography-database/COVID-19_Radiography_Dataset/Viral Pneumonia/images/Viral Pneumonia-557.png,Viral Pneumonia,Viral Pneumonia,4.536700544122141e-07,1.526782611449562e-08,1.092801312552183e-06,0.9999984502792358,,0.4318780303001404,0.4318780303001404
/kaggle/input/datasets/tawsifurrahman/covid19-radiography-database/COVID-19_Radiography_Dataset/Viral Pneumonia/images/Viral Pneumonia-564.png,Viral Pneumonia,Viral Pneumonia,0.00037708572926931083,0.003357028355821967,0.005152094177901745,0.9911138415336609,,,
/kaggle/input/datasets/tawsifurrahman/covid19-radiography-database/COVID-19_Radiography_Dataset/Viral Pneumonia/images/Viral Pneumonia-569.png,Viral Pneumonia,Viral Pneumonia,0.00045335045433603227,7.310420187423006e-05,0.0009679808863438666,0.9985055923461914,,,
/kaggle/input/datasets/tawsifurrahman/covid19-radiography-database/COVID-19_Radiography_Dataset/Viral Pneumonia/images/Viral Pneumonia-582.png,Viral Pneumonia,Viral Pneumonia,1.4580764684524183e-07,3.514120692216238e-07,2.5704425752337556e-06,0.9999969005584717,,,
/kaggle/input/datasets/tawsifurrahman/covid19-radiography-database/COVID-19_Radiography_Dataset/Viral Pneumonia/images/Viral Pneumonia-597.png,Viral Pneumonia,Viral Pneumonia,3.6575918329617707e-06,1.1168911441927776e-05,7.497154729207978e-05,0.9999101161956787,,0.1836676150560379,0.1836676150560379
/kaggle/input/datasets/tawsifurrahman/covid19-radiography-database/COVID-19_Radiography_Dataset/Viral Pneumonia/images/Viral Pneumonia-602.png,Viral Pneumonia,Normal,0.0029152394272387028,0.0011539625702425838,0.8858532905578613,0.11007749289274216,,,
/kaggle/input/datasets/tawsifurrahman/covid19-radiography-database/COVID-19_Radiography_Dataset/Viral Pneumonia/images/Viral Pneumonia-612.png,Viral Pneumonia,Viral Pneumonia,0.0026893354952335358,2.6733114282251336e-05,0.00468146987259388,0.9926024079322815,,0.3538353741168976,0.3538353741168976
/kaggle/input/datasets/tawsifurrahman/covid19-radiography-database/COVID-19_Radiography_Dataset/Viral Pneumonia/images/Viral Pneumonia-614.png,Viral Pneumonia,Viral Pneumonia,6.420642876037164e-06,6.37610864941962e-05,0.0001763828913681209,0.9997534155845642,,,
/kaggle/input/datasets/tawsifurrahman/covid19-radiography-database/COVID-19_Radiography_Dataset/Viral Pneumonia/images/Viral Pneumonia-624.png,Viral Pneumonia,Viral Pneumonia,1.74231843175221e-06,1.2050193163304357e-06,0.00021641193598043174,0.9997807145118713,,,
/kaggle/input/datasets/tawsifurrahman/covid19-radiography-database/COVID-19_Radiography_Dataset/Viral Pneumonia/images/Viral Pneumonia-625.png,Viral Pneumonia,Normal,0.10452008992433548,0.021138878539204597,0.6753550171852112,0.1989859938621521,,0.18155722320079803,0.18155722320079803
/kaggle/input/datasets/tawsifurrahman/covid19-radiography-database/COVID-19_Radiography_Dataset/Viral Pneumonia/images/Viral Pneumonia-629.png,Viral Pneumonia,Viral Pneumonia,6.801004701628699e-07,4.103218316231505e-07,1.253176719728799e-06,0.9999977350234985,,0.2370918095111847,0.2370918095111847
/kaggle/input/datasets/tawsifurrahman/covid19-radiography-database/COVID-19_Radiography_Dataset/Viral Pneumonia/images/Viral Pneumonia-642.png,Viral Pneumonia,Viral Pneumonia,4.841695044888183e-07,5.628701273963088e-07,6.960276368772611e-05,0.9999293088912964,,,
/kaggle/input/datasets/tawsifurrahman/covid19-radiography-database/COVID-19_Radiography_Dataset/Viral Pneumonia/images/Viral Pneumonia-644.png,Viral Pneumonia,Viral Pneumonia,0.003205647226423025,0.0016392194665968418,0.003518469166010618,0.9916365742683411,,,
/kaggle/input/datasets/tawsifurrahman/covid19-radiography-database/COVID-19_Radiography_Dataset/Viral Pneumonia/images/Viral Pneumonia-648.png,Viral Pneumonia,Viral Pneumonia,0.00012491359666455537,5.466138190968195e-07,1.749288639985025e-05,0.9998569488525391,,,
/kaggle/input/datasets/tawsifurrahman/covid19-radiography-database/COVID-19_Radiography_Dataset/Viral Pneumonia/images/Viral Pneumonia-652.png,Viral Pneumonia,Viral Pneumonia,6.892959936521947e-05,9.823614277593151e-08,2.714368747547269e-07,0.9999306201934814,,0.32126927375793457,0.32126927375793457
/kaggle/input/datasets/tawsifurrahman/covid19-radiography-database/COVID-19_Radiography_Dataset/Viral Pneumonia/images/Viral Pneumonia-668.png,Viral Pneumonia,Normal,0.000962320133112371,0.0005605610203929245,0.9599741101264954,0.03850303962826729,,0.358114093542099,0.358114093542099
/kaggle/input/datasets/tawsifurrahman/covid19-radiography-database/COVID-19_Radiography_Dataset/Viral Pneumonia/images/Viral Pneumonia-669.png,Viral Pneumonia,Viral Pneumonia,5.798495840281248e-05,0.00017336654127575457,0.0029504550620913506,0.9968181848526001,,,
/kaggle/input/datasets/tawsifurrahman/covid19-radiography-database/COVID-19_Radiography_Dataset/Viral Pneumonia/images/Viral Pneumonia-675.png,Viral Pneumonia,Viral Pneumonia,0.0001373197592329234,8.395646727876738e-05,0.0004196686204522848,0.9993590712547302,,,
/kaggle/input/datasets/tawsifurrahman/covid19-radiography-database/COVID-19_Radiography_Dataset/Viral Pneumonia/images/Viral Pneumonia-678.png,Viral Pneumonia,Viral Pneumonia,0.002315816003829241,0.002304055728018284,0.0406482070684433,0.9547319412231445,,,
/kaggle/input/datasets/tawsifurrahman/covid19-radiography-database/COVID-19_Radiography_Dataset/Viral Pneumonia/images/Viral Pneumonia-693.png,Viral Pneumonia,Viral Pneumonia,0.004443340934813023,0.0001262948935618624,0.003472037147730589,0.9919583797454834,,,
/kaggle/input/datasets/tawsifurrahman/covid19-radiography-database/COVID-19_Radiography_Dataset/Viral Pneumonia/images/Viral Pneumonia-708.png,Viral Pneumonia,Viral Pneumonia,4.409421762829879e-06,3.53778273165517e-06,0.00013781468442175537,0.9998542070388794,,,
/kaggle/input/datasets/tawsifurrahman/covid19-radiography-database/COVID-19_Radiography_Dataset/Viral Pneumonia/images/Viral Pneumonia-710.png,Viral Pneumonia,Viral Pneumonia,1.118715090342448e-06,5.03628001524703e-08,5.289258297125343e-06,0.9999935626983643,,,
/kaggle/input/datasets/tawsifurrahman/covid19-radiography-database/COVID-19_Radiography_Dataset/Viral Pneumonia/images/Viral Pneumonia-712.png,Viral Pneumonia,Viral Pneumonia,7.554930198239163e-05,4.381649705464952e-05,0.0007352761458605528,0.9991452693939209,,,
/kaggle/input/datasets/tawsifurrahman/covid19-radiography-database/COVID-19_Radiography_Dataset/Viral Pneumonia/images/Viral Pneumonia-719.png,Viral Pneumonia,Viral Pneumonia,1.6846512096435617e-07,2.9430937686925063e-08,2.8327880841061415e-07,0.9999995231628418,,,
/kaggle/input/datasets/tawsifurrahman/covid19-radiography-database/COVID-19_Radiography_Dataset/Viral Pneumonia/images/Viral Pneumonia-724.png,Viral Pneumonia,Viral Pneumonia,6.588287942577153e-05,0.00020422776287887245,0.0020672029349952936,0.9976626634597778,,,
/kaggle/input/datasets/tawsifurrahman/covid19-radiography-database/COVID-19_Radiography_Dataset/Viral Pneumonia/images/Viral Pneumonia-73.png,Viral Pneumonia,Viral Pneumonia,2.014444544329308e-05,8.472048648400232e-05,0.0001755325502017513,0.9997195601463318,,,
/kaggle/input/datasets/tawsifurrahman/covid19-radiography-database/COVID-19_Radiography_Dataset/Viral Pneumonia/images/Viral Pneumonia-748.png,Viral Pneumonia,Viral Pneumonia,6.59588886264828e-06,7.529580670961877e-06,0.0024112865794450045,0.9975746273994446,,,
/kaggle/input/datasets/tawsifurrahman/covid19-radiography-database/COVID-19_Radiography_Dataset/Viral Pneumonia/images/Viral Pneumonia-749.png,Viral Pneumonia,Viral Pneumonia,5.071338819107041e-06,6.932884843990905e-07,4.430887202033773e-06,0.9999897480010986,,0.43850311636924744,0.43850311636924744
/kaggle/input/datasets/tawsifurrahman/covid19-radiography-database/COVID-19_Radiography_Dataset/Viral Pneumonia/images/Viral Pneumonia-76.png,Viral Pneumonia,Viral Pneumonia,7.075364464981249e-06,0.0003660712391138077,0.00018557302246335894,0.9994412064552307,,0.364603191614151,0.364603191614151
/kaggle/input/datasets/tawsifurrahman/covid19-radiography-database/COVID-19_Radiography_Dataset/Viral Pneumonia/images/Viral Pneumonia-777.png,Viral Pneumonia,Viral Pneumonia,3.6810019992117304e-06,3.0035985219001304e-06,0.0003159148327540606,0.9996774196624756,,,
/kaggle/input/datasets/tawsifurrahman/covid19-radiography-database/COVID-19_Radiography_Dataset/Viral Pneumonia/images/Viral Pneumonia-779.png,Viral Pneumonia,Viral Pneumonia,1.2613878652700805e-07,1.7147924324945052e-07,1.3439737358567072e-06,0.9999984502792358,,,
/kaggle/input/datasets/tawsifurrahman/covid19-radiography-database/COVID-19_Radiography_Dataset/Viral Pneumonia/images/Viral Pneumonia-792.png,Viral Pneumonia,Viral Pneumonia,5.898182644159533e-05,2.703640575418831e-06,0.00010608773300191388,0.9998321533203125,,,
/kaggle/input/datasets/tawsifurrahman/covid19-radiography-database/COVID-19_Radiography_Dataset/Viral Pneumonia/images/Viral Pneumonia-802.png,Viral Pneumonia,Viral Pneumonia,0.0022737502586096525,1.4414190445677377e-05,0.00010319553257431835,0.9976086616516113,,0.2924586236476898,0.2924586236476898
/kaggle/input/datasets/tawsifurrahman/covid19-radiography-database/COVID-19_Radiography_Dataset/Viral Pneumonia/images/Viral Pneumonia-806.png,Viral Pneumonia,Viral Pneumonia,3.904552067979239e-05,4.168874170318304e-07,1.1024411833204795e-05,0.99994957447052,,0.6545490622520447,0.6545490622520447
/kaggle/input/datasets/tawsifurrahman/covid19-radiography-database/COVID-19_Radiography_Dataset/Viral Pneumonia/images/Viral Pneumonia-819.png,Viral Pneumonia,Viral Pneumonia,2.2755045847588917e-07,8.561502085058237e-08,5.544420673686545e-06,0.999994158744812,,,
/kaggle/input/datasets/tawsifurrahman/covid19-radiography-database/COVID-19_Radiography_Dataset/Viral Pneumonia/images/Viral Pneumonia-833.png,Viral Pneumonia,Viral Pneumonia,5.1436240937619004e-06,1.7420919675714686e-06,8.529936167178676e-06,0.9999845027923584,,0.453411728143692,0.453411728143692
/kaggle/input/datasets/tawsifurrahman/covid19-radiography-database/COVID-19_Radiography_Dataset/Viral Pneumonia/images/Viral Pneumonia-836.png,Viral Pneumonia,Viral Pneumonia,1.692847945378162e-06,2.768491867755074e-05,0.0007157938671298325,0.9992548823356628,,,
/kaggle/input/datasets/tawsifurrahman/covid19-radiography-database/COVID-19_Radiography_Dataset/Viral Pneumonia/images/Viral Pneumonia-838.png,Viral Pneumonia,Viral Pneumonia,4.982780978934898e-07,4.730935998509267e-08,8.66129448695574e-06,0.9999908208847046,,0.34440702199935913,0.34440702199935913
/kaggle/input/datasets/tawsifurrahman/covid19-radiography-database/COVID-19_Radiography_Dataset/Viral Pneumonia/images/Viral Pneumonia-84.png,Viral Pneumonia,Viral Pneumonia,5.817800001750584e-07,2.211971332144458e-05,9.407124161953107e-05,0.9998831748962402,,0.3730672001838684,0.3730672001838684
/kaggle/input/datasets/tawsifurrahman/covid19-radiography-database/COVID-19_Radiography_Dataset/Viral Pneumonia/images/Viral Pneumonia-847.png,Viral Pneumonia,Viral Pneumonia,1.7776366803445853e-05,3.6408246728569793e-07,0.00021800975082442164,0.9997639060020447,,,
/kaggle/input/datasets/tawsifurrahman/covid19-radiography-database/COVID-19_Radiography_Dataset/Viral Pneumonia/images/Viral Pneumonia-850.png,Viral Pneumonia,Viral Pneumonia,6.523727279272862e-06,5.626574761663505e-07,0.0002649145317263901,0.9997279047966003,,,
/kaggle/input/datasets/tawsifurrahman/covid19-radiography-database/COVID-19_Radiography_Dataset/Viral Pneumonia/images/Viral Pneumonia-858.png,Viral Pneumonia,Viral Pneumonia,6.030750228092074e-07,1.1895296303521263e-08,3.5607021686701046e-07,0.9999990463256836,,0.3757118880748749,0.3757118880748749
/kaggle/input/datasets/tawsifurrahman/covid19-radiography-database/COVID-19_Radiography_Dataset/Viral Pneumonia/images/Viral Pneumonia-867.png,Viral Pneumonia,Viral Pneumonia,1.5413534129038453e-06,7.269514412655553e-07,6.329068469312915e-07,0.9999971389770508,,0.34486454725265503,0.34486454725265503
/kaggle/input/datasets/tawsifurrahman/covid19-radiography-database/COVID-19_Radiography_Dataset/Viral Pneumonia/images/Viral Pneumonia-870.png,Viral Pneumonia,Viral Pneumonia,2.3558574469007e-07,7.763060949628198e-08,1.978624595722067e-06,0.999997615814209,,,
/kaggle/input/datasets/tawsifurrahman/covid19-radiography-database/COVID-19_Radiography_Dataset/Viral Pneumonia/images/Viral Pneumonia-885.png,Viral Pneumonia,Viral Pneumonia,2.4602204717893983e-08,3.8580143524313826e-08,1.383174321745173e-07,0.9999998807907104,,0.40919944643974304,0.40919944643974304
/kaggle/input/datasets/tawsifurrahman/covid19-radiography-database/COVID-19_Radiography_Dataset/Viral Pneumonia/images/Viral Pneumonia-888.png,Viral Pneumonia,Viral Pneumonia,6.009008302498842e-06,1.8376817024545744e-05,0.0008371102157980204,0.9991384744644165,,,
/kaggle/input/datasets/tawsifurrahman/covid19-radiography-database/COVID-19_Radiography_Dataset/Viral Pneumonia/images/Viral Pneumonia-894.png,Viral Pneumonia,Viral Pneumonia,0.1483989804983139,0.0008368758135475218,0.01665188930928707,0.834112286567688,,,
/kaggle/input/datasets/tawsifurrahman/covid19-radiography-database/COVID-19_Radiography_Dataset/Viral Pneumonia/images/Viral Pneumonia-9.png,Viral Pneumonia,Viral Pneumonia,3.488351467240136e-06,1.1127394827781245e-05,0.0023373335134238005,0.9976479411125183,,,
/kaggle/input/datasets/tawsifurrahman/covid19-radiography-database/COVID-19_Radiography_Dataset/Viral Pneumonia/images/Viral Pneumonia-901.png,Viral Pneumonia,Viral Pneumonia,0.0007935961475595832,0.0001327396312262863,0.0006202078075148165,0.9984534978866577,,,
/kaggle/input/datasets/tawsifurrahman/covid19-radiography-database/COVID-19_Radiography_Dataset/Viral Pneumonia/images/Viral Pneumonia-902.png,Viral Pneumonia,Viral Pneumonia,1.5674173482693732e-05,8.335919119417667e-07,0.00033297695335932076,0.9996504783630371,,,
/kaggle/input/datasets/tawsifurrahman/covid19-radiography-database/COVID-19_Radiography_Dataset/Viral Pneumonia/images/Viral Pneumonia-92.png,Viral Pneumonia,Viral Pneumonia,0.0013412461848929524,0.0003641008515842259,0.0003250756999477744,0.9979694485664368,,,
/kaggle/input/datasets/tawsifurrahman/covid19-radiography-database/COVID-19_Radiography_Dataset/Viral Pneumonia/images/Viral Pneumonia-923.png,Viral Pneumonia,Viral Pneumonia,0.00027707871049642563,0.0003886688791681081,0.16961383819580078,0.8297203779220581,,,
/kaggle/input/datasets/tawsifurrahman/covid19-radiography-database/COVID-19_Radiography_Dataset/Viral Pneumonia/images/Viral Pneumonia-929.png,Viral Pneumonia,Viral Pneumonia,0.03475918993353844,0.004430017434060574,0.007936379872262478,0.9528743028640747,,,
/kaggle/input/datasets/tawsifurrahman/covid19-radiography-database/COVID-19_Radiography_Dataset/Viral Pneumonia/images/Viral Pneumonia-93.png,Viral Pneumonia,Viral Pneumonia,0.00024057905829977244,0.0011763330549001694,0.0005243196501396596,0.9980587363243103,,,
/kaggle/input/datasets/tawsifurrahman/covid19-radiography-database/COVID-19_Radiography_Dataset/Viral Pneumonia/images/Viral Pneumonia-934.png,Viral Pneumonia,Viral Pneumonia,3.9102424125303514e-06,0.00011863132385769859,6.18122867308557e-05,0.9998157620429993,,,
/kaggle/input/datasets/tawsifurrahman/covid19-radiography-database/COVID-19_Radiography_Dataset/Viral Pneumonia/images/Viral Pneumonia-935.png,Viral Pneumonia,Viral Pneumonia,0.00026165813324041665,0.01570070907473564,0.009683553129434586,0.974354088306427,,0.09488681703805923,0.09488681703805923
/kaggle/input/datasets/tawsifurrahman/covid19-radiography-database/COVID-19_Radiography_Dataset/Viral Pneumonia/images/Viral Pneumonia-936.png,Viral Pneumonia,Viral Pneumonia,1.9394806258787867e-06,1.9221261027269065e-06,0.00032681002630852163,0.9996693134307861,,0.3540329039096832,0.3540329039096832
/kaggle/input/datasets/tawsifurrahman/covid19-radiography-database/COVID-19_Radiography_Dataset/Viral Pneumonia/images/Viral Pneumonia-938.png,Viral Pneumonia,Viral Pneumonia,0.00023570428311359137,6.239784852368757e-05,9.821297135204077e-05,0.9996036887168884,,,
/kaggle/input/datasets/tawsifurrahman/covid19-radiography-database/COVID-19_Radiography_Dataset/Viral Pneumonia/images/Viral Pneumonia-939.png,Viral Pneumonia,Viral Pneumonia,0.0016549504362046719,2.024898822128307e-05,0.022083142772316933,0.9762416481971741,,,
/kaggle/input/datasets/tawsifurrahman/covid19-radiography-database/COVID-19_Radiography_Dataset/Viral Pneumonia/images/Viral Pneumonia-961.png,Viral Pneumonia,Viral Pneumonia,7.465911039616913e-06,1.3877682931706659e-06,9.382331336382776e-05,0.9998972415924072,,,
/kaggle/input/datasets/tawsifurrahman/covid19-radiography-database/COVID-19_Radiography_Dataset/Viral Pneumonia/images/Viral Pneumonia-964.png,Viral Pneumonia,Viral Pneumonia,0.0009140835609287024,0.016893664374947548,0.051381297409534454,0.9308109879493713,,,
/kaggle/input/datasets/tawsifurrahman/covid19-radiography-database/COVID-19_Radiography_Dataset/Viral Pneumonia/images/Viral Pneumonia-965.png,Viral Pneumonia,Normal,0.0015179747715592384,0.0012543977936729789,0.9848116636276245,0.012416028417646885,,,
/kaggle/input/datasets/tawsifurrahman/covid19-radiography-database/COVID-19_Radiography_Dataset/Viral Pneumonia/images/Viral Pneumonia-976.png,Viral Pneumonia,Viral Pneumonia,2.978547684051591e-07,1.7670982970230398e-06,2.555947730797925e-06,0.9999953508377075,,0.40413492918014526,0.40413492918014526
/kaggle/input/datasets/tawsifurrahman/covid19-radiography-database/COVID-19_Radiography_Dataset/Viral Pneumonia/images/Viral Pneumonia-977.png,Viral Pneumonia,Viral Pneumonia,0.0007471799617633224,8.434175833826885e-05,0.00040566729148849845,0.998762845993042,,0.4016827344894409,0.4016827344894409
/kaggle/input/datasets/tawsifurrahman/covid19-radiography-database/COVID-19_Radiography_Dataset/Viral Pneumonia/images/Viral Pneumonia-978.png,Viral Pneumonia,Viral Pneumonia,3.35690742758743e-06,3.3151923162222374e-06,1.4356986866914667e-05,0.9999788999557495,,,
/kaggle/input/datasets/tawsifurrahman/covid19-radiography-database/COVID-19_Radiography_Dataset/Viral Pneumonia/images/Viral Pneumonia-98.png,Viral Pneumonia,Viral Pneumonia,9.260629596496983e-09,6.348564035585369e-11,1.9786792204712356e-09,1.0,,,
/kaggle/input/datasets/tawsifurrahman/covid19-radiography-database/COVID-19_Radiography_Dataset/Viral Pneumonia/images/Viral Pneumonia-985.png,Viral Pneumonia,Viral Pneumonia,4.511914085014723e-05,3.069627928198315e-05,0.00037152651930227876,0.9995525479316711,,,
/kaggle/input/datasets/tawsifurrahman/covid19-radiography-database/COVID-19_Radiography_Dataset/Viral Pneumonia/images/Viral Pneumonia-992.png,Viral Pneumonia,Viral Pneumonia,1.0445095313116326e-06,9.498190593149047e-06,2.8186323106638156e-06,0.9999866485595703,,0.3838904798030853,0.3838904798030853
/kaggle/input/datasets/tawsifurrahman/covid19-radiography-database/COVID-19_Radiography_Dataset/Viral Pneumonia/images/Viral Pneumonia-993.png,Viral Pneumonia,Viral Pneumonia,0.009435500018298626,0.001404016395099461,0.003670562757179141,0.9854899644851685,,0.5157971382141113,0.5157971382141113
/kaggle/input/datasets/tawsifurrahman/covid19-radiography-database/COVID-19_Radiography_Dataset/Viral Pneumonia/images/Viral Pneumonia-994.png,Viral Pneumonia,Viral Pneumonia,6.095152912166668e-06,4.6629138523712754e-05,0.00020501331891864538,0.999742329120636,,,
/kaggle/input/datasets/tawsifurrahman/covid19-radiography-database/COVID-19_Radiography_Dataset/Viral Pneumonia/images/Viral Pneumonia-998.png,Viral Pneumonia,Viral Pneumonia,1.0296173059032299e-05,3.8628899346804246e-05,0.0003433535748627037,0.9996077418327332,,,
